558
547
537
637
525
577
586
539
511
588
544
514
603
563
560
527
594
549
525
544
607
527
561
568
519
564
538
569
554
580
593
605
568
595
611
558
614
573
579
532
564
540
574
561
556
540
571
540
609
577
558
596
516
571
559
580
544
526
537
550
545
544
626
548
520
504
538
598
557
562
550
544
568
542
568
553
542
514
592
542
596
578
571
580
566
542
535
623
539
535
561
603
593
571
544
583
592
536
535
552
556
571
587
592
558
569
576
565
568
527
567
589
590
567
579
588
566
561
587
560
560
539
517
562
587
561
548
598
570
551
572
558
583
606
589
572
540
551
585
632
540
583
581
629
587
565
555
568
539
615
518
557
590
629
586
594
543
586
584
589
523
565
578
612
567
613
557
525
597
580
534
584
566
500
555
531
565
555
535
571
561
523
596
565
562
575
585
587
600
573
569
565
563
602
525
593
525
536
559
529
555
587
549
578
564
555
584
554
577
596
556
507
557
598
613
565
550
560
592
580
536
568
540
595
583
568
565
568
565
533
516
577
557
511
566
568
579
563
586
535
548
550
580
543
582
581
550
545
595
563
582
573
563
505
571
534
536
541
558
574
555
529
551
533
580
580
547
545
574
567
523
580
569
577
559
515
531
585
528
586
593
544
547
595
584
580
535
592
570
545
597
590
587
565
539
581
528
526
586
575
562
527
578
539
560
554
507
568
544
534
549
564
561
540
534
519
552
572
624
582
584
591
571
547
566
579
575
497
522
525
544
558
538
547
522
570
530
577
569
578
541
563
548
567
537
598
539
550
534
538
583
571
513
574
575
583
529
605
575
587
554
576
538
567
544
548
586
562
571
557
569
551
567
510
542
558
527
621
482
540
554
527
615
587
534
549
525
563
565
539
539
571
590
538
573
594
529
594
574
554
579
610
534
562
569
551
546
593
533
558
591
601
592
522
509
525
542
528
521
561
570
566
551
529
528
544
553
535
594
586
533
591
632
573
558
557
579
565
571
586
562
556
599
580
554
549
601
524
558
580
578
566
608
567
585
545
521
597
552
516
589
541
595
563
569
535
535
590
574
553
579
573
546
592
569
569
583
559
584
557
572
533
533
565
573
541
517
606
530
552
534
551
598
553
548
589
611
565
515
559
560
539
592
611
561
539
560
565
554
579
600
588
584
583
557
556
555
564
545
565
552
575
591
526
583
595
547
563
568
567
600
584
539
551
549
597
540
577
581
550
562
570
544
557
572
587
592
547
538
567
554
580
544
577
574
586
557
569
509
510
592
558
584
547
584
525
561
595
570
562
534
576
554
555
588
564
549
580
555
529
527
583
549
556
498
563
553
606
573
543
524
519
528
551
551
567
541
542
573
601
584
536
555
575
613
590
550
587
548
596
610
568
571
567
552
593
630
557
541
549
569
544
601
597
559
558
588
574
529
541
545
569
511
558
580
568
573
559
584
592
589
559
539
570
586
558
548
568
540
582
547
575
574
541
567
567
535
584
544
557
559
598
540
592
530
535
540
539
552
602
553
587
604
530
539
524
552
603
531
594
557
514
539
583
581
574
584
582
582
559
554
533
575
566
581
553
543
556
578
564
532
556
597
512
593
563
551
558
593
553
591
548
579
569
554
528
565
566
547
584
560
552
594
575
562
521
544
580
578
605
561
554
544
577
541
553
558
573
576
588
548
521
574
559
536
571
585
574
570
585
518
533
548
578
556
532
605
509
565
566
534
535
542
578
588
553
574
563
550
560
571
578
496
551
609
522
536
548
578
562
529
574
582
527
547
581
525
567
575
561
553
576
568
554
565
593
546
592
541
568
559
574
596
578
564
561
597
544
542
565
572
567
519
555
625
563
586
568
547
579
550
591
598
559
558
519
627
563
584
557
600
571
565
572
577
589
563
569
553
573
539
601
535
509
547
572
555
621
518
537
586
542
578
536
565
587
575
566
564
573
556
582
562
554
509
561
611
607
568
531
551
572
631
632
568
551
561
545
598
562
553
563
574
563
494
577
585
532
543
554
568
563
545
611
632
541
557
585
588
526
559
537
533
591
547
532
591
593
647
578
537
551
537
546
606
544
613
555
626
539
530
620
532
556
602
573
616
563
525
525
500
526
587
546
544
589
512
556
580
556
560
553
608
566
553
599
571
593
588
590
544
563
548
566
551
581
546
572
587
539
537
566
582
563
537
556
549
554
589
529
555
576
561
567
571
586
590
608
587
577
526
567
542
542
562
545
554
609
574
554
510
524
564
520
533
531
549
529
561
567
540
558
520
548
572
537
557
618
590
526
597
565
538
586
523
574
588
561
562
545
555
618
531
521
571
579
562
556
541
582
587
551
611
573
559
550
560
542
586
526
595
537
573
564
594
552
581
542
584
566
577
582
555
596
600
555
572
569
588
536
563
522
545
578
568
513
533
577
570
600
566
569
590
515
546
574
600
551
530
549
569
555
599
543
567
533
589
518
535
585
537
524
597
602
560
578
575
556
562
606
528
538
575
565
556
540
480
555
543
561
574
560
553
569
562
573
544
643
553
584
550
537
524
546
571
579
499
580
610
597
552
540
550
581
583
548
539
550
561
582
605
588
523
608
571
572
526
540
534
544
578
575
541
580
587
537
600
553
552
540
524
553
567
554
586
563
569
530
528
573
577
575
612
588
597
612
527
562
492
567
574
559
561
606
562
546
577
598
539
557
549
576
544
549
580
568
563
553
561
551
532
588
533
571
574
552
531
551
567
612
559
603
557
553
555
578
494
540
536
547
569
571
547
623
537
591
518
577
489
526
570
550
583
580
574
551
573
584
574
579
572
584
493
570
564
591
552
584
543
550
594
529
580
596
544
571
541
558
510
576
545
527
596
590
546
557
569
577
579
579
568
526
555
551
590
573
571
555
615
538
544
555
570
522
570
559
557
588
543
559
579
560
601
579
615
577
592
530
574
577
605
530
586
584
544
568
562
551
511
572
557
529
511
553
567
620
568
555
505
534
572
545
571
543
508
593
560
604
578
562
546
524
543
542
557
558
512
598
529
586
603
542
600
545
547
595
534
562
529
629
602
564
603
544
537
568
575
553
563
551
499
551
542
571
580
555
622
550
551
563
565
534
496
597
577
551
538
580
601
605
558
560
524
515
590
588
545
576
584
524
565
589
561
590
572
541
576
582
532
566
527
533
591
538
535
528
570
541
541
579
592
558
547
571
570
556
543
555
588
569
593
539
556
536
520
514
568
574
603
574
592
558
522
522
521
563
554
512
538
527
555
591
541
606
538
568
550
507
564
583
572
571
603
549
584
537
544
590
529
584
568
527
590
529
562
601
575
514
549
574
604
537
515
532
599
560
585
527
553
536
573
563
538
576
559
572
574
531
608
592
547
508
534
544
546
595
545
581
533
584
527
578
573
559
577
527
515
562
587
545
562
606
549
583
566
545
596
556
577
560
577
605
552
544
579
598
550
514
502
578
585
537
606
568
554
509
600
558
575
585
544
575
568
543
559
585
556
527
576
574
567
552
523
571
541
561
572
524
532
568
559
559
529
592
571
507
595
535
584
571
547
553
555
547
544
562
578
569
556
546
497
553
549
571
555
549
570
571
525
567
561
592
543
570
543
524
561
566
560
583
541
543
553
547
604
527
539
535
514
585
544
598
548
575
549
555
577
614
586
531
592
578
591
554
510
573
556
589
528
565
544
577
612
590
510
597
552
535
516
586
532
572
561
563
576
585
528
568
535
569
556
560
573
573
576
534
599
592
584
604
615
548
564
570
547
573
553
549
562
592
564
554
525
573
565
514
577
573
582
591
558
583
603
517
583
594
520
564
558
568
563
600
599
584
554
548
512
561
572
544
583
586
578
565
579
545
582
566
562
565
570
591
548
599
560
553
562
559
595
544
562
586
559
559
601
580
546
554
601
558
586
536
545
583
542
559
570
582
587
540
598
540
570
553
571
584
514
552
598
540
629
546
563
577
539
612
535
573
602
628
599
579
599
500
555
564
566
527
571
575
541
537
560
583
602
565
603
585
584
562
578
550
603
556
537
533
488
582
532
595
608
560
511
510
535
538
560
569
576
568
516
539
550
512
550
593
583
580
546
547
574
551
553
550
581
547
565
592
555
602
563
612
558
565
554
565
541
561
591
523
560
551
540
527
566
594
545
567
547
542
598
554
532
548
525
610
536
544
526
544
606
573
554
558
587
552
580
560
561
561
586
571
584
587
541
540
597
531
532
555
579
557
581
541
529
570
532
545
554
545
531
546
557
526
563
556
560
562
564
538
595
526
546
549
540
545
564
569
537
620
612
572
554
544
591
562
552
550
587
544
611
572
529
541
552
569
562
490
566
595
575
558
520
545
541
548
556
557
534
607
590
597
504
570
621
552
563
548
541
526
595
567
626
568
587
568
590
539
531
567
582
613
515
563
521
566
543
526
572
581
559
553
572
548
532
521
532
544
536
559
549
548
596
631
601
587
515
555
538
563
558
590
577
540
579
542
549
577
597
607
549
583
562
549
569
586
578
518
583
595
568
549
578
601
562
569
553
570
541
563
558
547
573
558
554
561
551
567
540
555
567
494
555
579
573
562
547
579
537
507
581
520
565
563
571
554
565
555
587
600
591
574
536
581
557
519
554
535
520
592
579
527
567
582
570
611
534
549
584
615
557
528
552
568
611
568
558
561
587
553
551
550
583
574
565
533
556
545
542
573
546
589
544
604
554
579
593
583
545
537
537
577
540
556
575
596
593
581
545
557
524
562
605
542
536
562
556
566
570
541
573
537
576
590
603
562
547
548
569
519
571
536
510
579
531
576
568
544
520
601
527
537
557
584
535
557
579
526
547
524
523
529
587
523
578
555
510
533
547
550
602
526
563
584
535
513
576
554
531
570
562
559
596
580
579
562
567
570
577
593
556
609
584
577
521
546
568
548
551
511
585
522
561
540
533
587
552
613
512
598
544
604
551
591
603
575
549
557
539
572
525
577
576
612
571
565
586
532
582
520
576
593
518
534
525
564
608
548
565
536
573
595
558
594
610
532
498
559
528
573
509
572
571
559
552
568
584
598
571
554
568
547
565
530
580
604
523
590
570
549
528
566
549
585
523
563
557
540
550
548
537
556
581
558
562
509
560
571
561
566
565
609
539
581
550
578
535
557
578
554
573
552
558
518
548
590
539
571
571
536
581
529
517
571
537
546
533
601
632
580
539
563
561
562
574
572
552
608
523
579
522
580
539
560
544
541
600
537
583
578
562
612
558
579
570
545
609
546
613
539
554
542
554
561
534
559
548
579
558
552
