Multiple size <= 100
TEST 1 ARG:63 24 46 80 55 7 56 81 79 22 73 76 10 47 42 43 91 16 44 88 70 49 69 50 34 60 62 96 48 52 15 74 68 6 5 58 53 28 71 31 3 61 93 21 95 0 14 86 45 33 38 99 54 12 37 8 97 26 41 13 36 94 39 32 20 66 19 82 59 35 90 9 51 78 92 27 29 83 87 4 65 77 64 57 1 30 17 11 89 85 72 2 84 25 98 67 18 75 23 40
TEST 2 ARG:43 66 12 3 26 21 38 57 95 81 82 55 16 40 36 84 30 11 42 29 89 20 85 9 69 10 32 5 92 31 18 34 88 39 86 54 25 45 23 72 83 22 78 14 71 61 91 96 70 75 73 53 48 67 93 79 2 6 15 98 62 33 52 50 97 47 58 68 99 59 27 19 60 7 65 17 46 80 49 94 51 44 87 41 1 77 74 8 24 63 35 64 37 13 76 4 28 90 56 0
TEST 3 ARG:13 1 72 98 0 91 57 48 56 23 31 52 81 29 90 76 75 63 24 46 70 78 2 18 47 62 11 53 96 97 83 59 87 15 27 14 42 32 86 77 30 49 40 8 61 19 64 50 92 36 84 73 6 51 45 28 26 80 22 17 35 93 16 89 43 79 66 10 55 20 44 12 37 88 68 7 69 85 5 82 34 9 95 39 33 60 54 38 65 58 4 94 71 3 99 74 41 25 21 67
TEST 4 ARG:47 65 81 38 9 90 20 52 51 69 68 35 10 82 66 75 79 92 4 46 57 58 1 53 71 62 5 59 87 80 17 23 7 22 26 36 83 89 49 40 50 34 85 6 67 99 18 73 32 28 21 77 48 88 42 64 27 72 55 84 54 0 41 95 45 63 12 33 8 70 44 3 29 98 14 13 60 74 37 76 2 24 11 39 97 43 31 25 19 56 78 94 30 86 16 96 93 61 15 91
TEST 5 ARG:86 54 66 55 4 79 97 33 84 49 15 78 31 80 50 87 43 81 19 16 26 65 17 38 96 59 28 88 0 69 48 41 83 64 74 29 91 99 85 47 62 46 95 53 90 94 44 22 34 92 57 24 77 52 75 14 40 23 89 58 13 30 9 6 42 20 37 32 60 72 10 70 76 71 7 73 93 5 51 39 36 63 98 56 67 35 8 61 45 68 12 18 3 1 11 82 21 2 25 27
TEST 6 ARG:70 80 68 92 82 58 20 93 79 69 39 74 12 22 0 90 2 44 36 24 56 71 60 11 98 96 72 76 81 34 7 52 15 8 99 19 27 48 94 43 50 59 73 54 33 67 63 6 3 21 10 66 26 45 53 29 47 28 30 49 55 62 57 23 91 17 88 89 97 32 31 85 37 14 9 18 38 86 4 95 35 5 25 16 83 78 75 77 51 65 64 40 46 1 13 61 41 42 87 84
TEST 7 ARG:98 56 38 28 87 83 16 92 35 97 9 95 93 85 50 42 71 67 25 82 15 70 48 81 69 40 77 61 57 8 23 22 2 18 65 41 63 1 36 3 34 94 47 84 53 96 12 37 10 24 13 62 39 49 27 21 31 55 90 0 76 17 66 91 58 86 44 43 79 51 80 11 78 88 4 14 52 68 64 6 46 26 5 72 45 73 74 59 89 29 54 32 99 7 33 19 30 20 60 75
TEST 8 ARG:11 16 84 13 39 15 93 12 82 85 1 5 64 46 79 2 38 6 45 92 67 89 72 19 55 27 94 32 9 40 44 22 43 77 81 59 53 42 58 28 0 35 83 3 74 91 49 26 66 98 8 14 36 88 96 63 57 17 34 50 60 52 18 95 75 4 10 33 24 29 7 90 23 65 76 86 87 78 68 99 20 25 41 51 37 30 71 80 54 62 56 73 97 21 61 69 47 48 31 70
TEST 9 ARG:76 52 18 97 24 40 68 3 47 73 13 44 38 81 20 41 66 49 89 86 30 93 51 29 25 57 65 69 58 63 15 48 4 71 61 16 59 5 85 34 26 33 80 53 22 45 96 60 64 50 98 91 39 0 84 99 43 88 28 37 70 11 7 31 17 54 6 35 42 94 67 56 72 14 79 27 78 82 74 2 77 62 1 21 23 87 19 32 95 12 92 90 75 55 36 83 9 8 10 46
TEST 10 ARG:34 82 65 83 2 48 35 19 7 98 67 80 53 45 36 24 68 11 10 99 58 39 92 86 21 59 25 30 13 3 73 33 87 81 63 66 70 50 31 61 52 79 40 9 47 55 38 76 75 71 14 69 90 44 46 20 89 97 42 4 49 51 28 29 60 54 78 18 72 15 94 77 56 0 41 22 6 93 64 57 74 27 23 37 91 84 95 88 32 96 12 43 17 16 1 62 26 5 85 8
TEST 11 ARG:63 44 13 65 82 27 91 1 23 7 6 67 16 57 74 92 38 53 31 52 35 36 34 8 21 12 79 24 0 62 99 64 72 85 3 43 69 39 76 51 97 45 90 68 47 89 93 11 80 2 60 73 84 4 5 29 48 96 59 56 15 18 50 41 28 40 77 25 20 98 42 26 55 22 81 46 17 83 71 9 70 75 33 49 30 88 86 95 19 58 66 54 61 37 10 87 78 94 14 32
TEST 12 ARG:76 17 36 78 73 18 30 28 42 55 88 85 71 97 45 3 22 86 66 40 38 75 68 21 49 65 16 31 41 93 99 7 10 0 39 34 77 14 74 92 84 47 26 4 33 95 79 54 29 83 59 8 12 56 1 24 67 50 64 37 13 19 51 62 46 89 2 94 70 53 69 57 96 35 80 9 98 60 25 87 23 63 91 44 82 11 43 6 72 61 32 52 5 15 20 48 90 27 58 81
TEST 13 ARG:52 31 10 67 34 5 38 54 0 78 35 63 65 94 99 22 72 89 90 66 88 98 18 11 46 76 19 93 6 20 79 77 80 17 8 3 12 97 86 58 1 87 39 84 57 68 96 7 25 49 69 15 43 51 83 73 74 91 81 75 29 14 62 61 2 64 53 95 32 59 60 44 71 33 92 21 85 28 42 56 45 41 48 27 4 13 82 9 50 37 55 24 70 40 23 36 16 30 26 47
TEST 14 ARG:10 26 63 51 18 80 78 47 97 55 27 46 15 59 13 56 53 85 61 41 24 39 14 40 65 62 76 0 8 48 57 74 54 83 60 17 36 58 20 43 42 32 73 31 52 25 34 90 92 21 82 89 67 33 5 71 9 70 7 45 50 49 88 79 98 11 38 23 86 99 28 72 96 77 3 95 29 66 1 4 64 19 2 69 44 94 91 12 68 35 84 22 93 37 87 81 16 75 30 6
TEST 15 ARG:31 35 8 93 11 78 56 64 22 60 20 15 83 38 58 49 30 51 70 32 95 90 54 67 17 21 96 45 52 82 94 71 97 26 84 2 57 91 41 33 87 27 24 72 61 98 5 76 18 48 92 40 66 14 69 9 85 10 79 46 47 7 29 65 68 25 0 50 77 74 44 89 75 99 3 39 1 23 86 59 73 37 28 34 63 36 42 4 80 12 13 53 62 88 43 6 16 19 55 81
TEST 16 ARG:69 30 8 10 47 44 24 16 59 27 58 26 38 55 67 83 64 1 19 36 52 84 94 81 6 51 68 79 99 42 25 73 32 43 22 70 66 57 91 7 34 65 3 95 77 86 72 21 98 63 92 80 18 28 29 20 90 2 12 17 71 75 4 14 54 62 45 13 87 96 78 5 15 93 97 85 39 33 56 48 37 23 35 9 11 60 50 88 76 41 49 53 89 0 40 46 31 61 74 82
TEST 17 ARG:8 94 90 66 98 3 63 97 75 56 40 23 1 74 87 4 96 35 83 68 20 12 67 62 16 10 70 39 26 92 52 64 54 42 47 38 22 28 76 80 99 72 0 18 9 7 65 73 34 27 95 31 36 81 32 93 5 85 29 15 48 6 25 60 89 11 49 53 41 79 88 84 21 61 17 58 51 37 57 71 30 33 46 13 50 91 43 44 2 14 19 78 77 59 69 86 55 24 45 82
TEST 18 ARG:28 12 99 42 53 70 85 97 88 7 34 47 65 91 33 22 77 30 71 18 1 82 62 56 2 92 3 26 83 25 90 51 23 27 16 49 55 8 19 60 11 61 32 37 87 89 14 13 40 94 46 98 6 75 58 74 44 84 24 73 57 64 20 67 17 38 48 95 43 21 52 9 45 76 39 31 41 63 66 86 4 59 79 50 54 15 10 35 5 36 80 93 96 29 68 69 0 72 78 81
TEST 19 ARG:65 74 61 60 48 34 4 35 96 5 41 10 71 33 72 38 64 90 93 15 27 75 78 59 18 39 13 95 45 67 14 81 87 51 1 69 62 54 20 16 23 73 68 6 40 46 57 58 89 42 28 66 24 94 83 12 22 7 25 32 0 91 55 8 80 49 79 70 2 19 26 77 97 82 99 98 31 36 21 86 9 88 11 84 30 43 53 52 56 63 44 92 17 85 50 76 29 37 3 47
TEST 21 ARG:36 93 65 70 54 33 43 82 32 13 62 67 37 19 64 1 91 51 99 73 87 68 90 50 38 0 55 71 16 74 34 83 39 58 26 79 18 31 25 69 94 9 29 95 75 41 80 28 78 84 48 59 10 72 96 42 14 3 5 85 15 98 11 12 49 21 7 27 97 46 24 56 44 2 66 88 76 40 52 60 63 92 57 17 47 77 86 89 35 61 22 20 81 23 30 45 53 4 6 8
TEST 22 ARG:21 19 40 12 5 69 57 41 29 55 47 99 97 98 9 96 79 11 94 66 22 54 61 70 89 80 65 20 25 37 34 8 45 32 23 49 62 84 87 18 60 2 75 73 81 42 93 59 63 95 16 3 74 46 30 38 44 39 85 36 88 52 64 86 35 26 1 13 53 78 4 76 48 72 90 27 50 24 15 10 33 91 0 82 6 14 92 28 7 68 51 67 71 58 43 83 17 31 77 56
TEST 23 ARG:90 47 55 77 92 68 57 44 1 3 16 26 96 13 61 14 21 11 12 69 48 19 75 50 45 88 38 71 43 2 73 15 94 39 22 5 81 95 93 63 46 60 37 72 64 74 99 59 85 70 82 0 98 56 67 54 62 31 32 58 49 84 91 89 80 35 4 24 9 27 7 42 83 65 33 87 78 66 36 51 79 40 18 6 8 30 41 17 76 52 20 29 97 28 25 10 86 23 53 34
TEST 24 ARG:74 95 87 70 56 72 9 17 64 6 79 14 58 33 15 84 20 62 32 0 77 96 10 93 47 1 21 37 48 55 69 73 13 86 26 39 4 19 28 46 18 25 24 54 42 63 60 91 68 5 41 65 22 78 88 30 61 36 99 8 71 29 45 51 67 90 85 44 16 97 57 94 49 38 92 53 81 80 98 59 43 52 76 66 75 2 89 82 3 23 31 34 12 11 35 7 40 50 83 27
TEST 25 ARG:15 48 43 94 44 3 99 56 38 88 34 89 71 13 31 63 11 26 19 83 82 18 30 59 66 41 98 10 8 23 87 70 0 74 40 61 65 25 4 72 20 92 17 6 78 47 39 69 7 49 50 86 95 77 32 53 93 52 97 90 96 21 42 28 29 58 80 73 55 68 27 64 35 76 75 16 36 79 67 51 81 84 45 57 33 46 60 54 2 62 12 37 91 24 9 22 5 14 1 85
TEST 26 ARG:5 96 64 88 48 74 94 21 77 37 19 92 16 39 43 55 31 45 60 24 33 61 14 65 7 56 51 36 67 23 99 10 9 85 76 30 42 93 97 98 72 50 35 79 13 17 29 78 66 58 49 73 95 68 27 15 38 12 34 63 47 82 6 28 46 40 20 69 22 2 18 80 86 41 11 87 54 53 25 3 59 0 70 90 4 75 83 44 81 32 57 52 71 84 91 8 89 26 62 1
TEST 27 ARG:67 3 18 16 78 90 70 50 26 81 72 88 60 53 0 29 14 51 97 80 56 85 79 30 19 59 91 94 75 33 1 98 93 17 4 74 57 22 43 10 76 46 82 42 15 86 83 52 69 7 68 13 31 55 25 23 35 9 73 49 12 2 45 6 58 54 39 65 20 11 32 89 37 24 92 99 40 28 64 47 5 36 61 71 87 38 27 95 44 66 63 77 84 41 21 96 8 48 62 34
TEST 29 ARG:30 49 50 85 3 8 55 77 66 17 23 69 73 26 89 47 0 37 78 44 46 56 34 10 54 76 53 62 19 9 57 35 84 91 83 38 63 21 22 75 36 43 25 98 59 88 14 5 39 1 97 29 99 90 7 20 94 27 92 6 2 87 64 33 32 15 70 24 71 31 72 16 51 95 82 40 4 67 65 18 52 81 86 79 58 68 60 93 11 41 28 61 12 96 45 13 74 48 42 80
TEST 30 ARG:15 37 48 47 61 81 39 38 29 35 26 64 69 41 71 20 52 18 1 45 66 10 34 62 97 82 58 93 57 99 86 55 70 49 14 94 2 59 44 28 51 78 53 84 63 7 72 0 90 91 74 98 88 13 25 17 3 83 4 89 12 75 87 40 21 33 96 85 60 95 67 31 68 24 6 8 65 11 54 77 42 79 30 19 9 23 32 27 5 73 56 46 22 50 80 76 43 92 16 36
TEST 31 ARG:79 27 5 18 74 54 1 40 90 36 35 4 64 49 48 24 8 33 78 87 16 19 96 92 97 69 71 13 23 42 93 6 10 56 88 68 67 57 47 86 30 31 62 81 84 45 83 58 37 20 43 7 60 25 85 63 98 17 12 76 3 61 21 80 46 53 51 70 34 94 99 2 41 39 38 11 77 22 28 91 14 95 0 72 75 50 9 52 26 82 66 55 89 73 32 59 65 44 15 29
TEST 32 ARG:26 45 24 14 40 58 96 80 57 76 36 86 85 43 11 47 3 87 15 12 59 98 75 53 34 4 38 20 44 64 32 94 37 82 8 50 68 74 29 33 84 78 60 63 27 67 62 25 2 28 16 1 61 46 51 66 90 79 95 9 10 23 22 70 17 73 91 77 42 69 83 21 99 88 49 19 39 65 55 13 71 35 6 48 7 72 52 81 56 97 54 31 5 93 0 92 30 89 18 41
TEST 33 ARG:28 24 3 57 46 80 8 91 92 44 41 87 94 73 15 17 1 0 83 86 48 12 27 89 11 30 93 35 10 54 34 68 33 47 72 95 64 25 63 84 75 71 78 98 53 31 43 58 70 2 6 45 23 61 5 51 37 74 38 22 56 4 59 67 20 85 16 42 97 50 90 14 36 13 79 60 76 65 18 88 9 52 62 82 77 49 40 29 26 81 21 69 19 96 99 55 66 32 7 39
TEST 34 ARG:17 3 51 58 48 45 92 85 68 27 65 79 11 70 33 64 94 23 60 54 75 66 25 31 24 8 97 80 72 13 55 32 87 9 36 39 77 12 21 43 73 81 19 40 53 1 56 93 44 57 62 86 0 96 46 6 98 59 5 71 4 14 26 52 67 69 88 61 74 2 28 50 34 99 35 16 42 83 89 29 20 78 41 15 49 18 22 95 63 90 84 38 47 91 7 30 76 82 37 10
TEST 35 ARG:9 40 83 51 67 20 96 95 76 78 74 58 43 42 26 81 52 59 79 37 1 94 60 80 29 3 0 7 53 75 69 57 86 97 14 64 25 49 12 77 31 98 92 32 6 54 39 50 24 19 87 71 45 82 99 15 46 21 70 30 91 35 13 88 55 41 56 66 28 85 23 17 16 33 84 68 44 27 38 72 18 36 48 5 90 2 11 62 10 89 61 93 73 63 65 22 8 34 47 4
TEST 36 ARG:17 94 60 13 70 16 82 14 44 98 50 54 73 62 65 63 83 25 6 66 87 42 21 99 5 51 36 45 86 3 95 57 20 53 39 8 49 56 32 74 88 46 28 24 71 33 41 12 9 23 4 52 19 37 72 48 79 59 0 27 2 10 22 7 89 80 11 1 43 30 61 47 84 18 55 81 96 35 58 91 97 29 34 26 85 93 92 68 69 77 64 38 67 31 15 90 40 76 75 78
TEST 37 ARG:38 22 2 93 99 10 58 79 9 26 23 11 72 30 67 42 96 80 36 64 62 24 29 5 39 60 54 47 65 76 45 8 52 97 14 20 33 34 44 28 89 87 82 51 88 25 43 21 94 46 50 17 53 81 19 7 40 15 0 59 18 63 32 1 56 35 74 27 68 31 84 12 55 49 78 13 69 4 57 70 41 86 85 83 73 92 75 61 71 95 3 98 66 91 37 16 6 48 77 90
TEST 38 ARG:90 35 51 70 3 20 54 58 48 0 60 44 88 65 6 14 56 24 32 27 59 85 5 67 30 89 26 83 13 10 97 91 68 41 11 47 93 55 9 87 21 25 84 98 22 29 37 43 18 64 81 74 50 23 31 38 46 71 92 62 94 36 99 17 16 19 75 33 45 95 66 82 73 52 28 7 39 4 80 86 53 77 57 69 49 12 2 79 61 8 63 34 96 72 78 76 40 1 15 42
TEST 39 ARG:59 25 54 85 29 55 43 34 10 60 26 91 65 30 32 14 57 37 22 33 44 75 99 86 46 24 93 61 48 18 27 77 11 17 7 50 76 41 9 90 82 58 51 6 96 92 42 70 81 69 35 31 79 13 71 1 52 8 73 72 39 4 95 66 38 83 64 28 21 62 68 36 87 23 12 20 15 97 78 45 98 88 63 49 2 94 5 56 84 67 16 19 74 47 0 53 40 80 3 89
TEST 40 ARG:41 55 6 15 83 23 18 60 94 93 29 97 19 1 67 56 73 59 37 50 51 69 57 8 62 44 28 80 72 24 48 88 63 99 65 32 58 21 87 66 47 34 2 77 9 12 68 46 98 96 49 91 33 54 25 14 82 22 84 17 76 36 3 0 92 78 75 10 31 30 38 89 85 86 35 79 39 61 70 74 64 20 43 81 45 7 71 26 27 53 13 5 4 95 90 42 11 52 16 40
TEST 41 ARG:94 72 34 5 89 60 65 24 99 39 98 87 91 61 41 56 17 32 63 40 75 42 90 51 22 8 83 25 4 6 93 7 92 23 36 71 18 16 95 33 12 53 48 43 84 31 67 21 44 68 15 52 28 14 64 59 69 58 85 20 78 66 9 57 97 1 55 70 88 19 81 38 30 29 77 74 3 80 46 82 45 27 47 50 49 2 86 37 13 54 0 35 62 11 10 73 76 96 79 26
TEST 42 ARG:63 14 42 79 72 9 49 32 7 21 67 51 10 26 25 34 24 36 71 58 83 31 8 55 57 84 66 69 11 45 81 89 93 48 82 65 92 73 43 77 95 17 88 4 28 2 38 87 64 20 54 94 22 50 3 40 68 18 35 96 47 30 23 74 90 59 53 75 0 41 60 19 1 33 15 85 27 97 80 6 5 44 91 56 39 12 62 78 70 29 98 76 13 61 46 52 37 86 99 16
TEST 43 ARG:8 56 57 82 35 92 89 40 49 37 98 46 65 70 50 22 71 62 53 63 15 61 90 66 6 80 96 83 86 18 20 58 87 55 51 1 30 47 45 94 12 68 73 81 75 97 42 31 52 84 93 54 38 27 76 7 44 26 2 17 41 64 95 0 24 29 33 10 48 9 19 67 69 60 85 77 14 59 72 21 34 5 11 4 13 78 39 74 32 25 28 88 16 36 23 91 3 99 79 43
TEST 44 ARG:77 80 39 30 14 26 59 51 46 18 89 94 97 4 1 64 76 2 21 41 47 78 24 43 92 52 6 88 75 38 15 34 48 69 65 50 3 84 31 90 91 27 8 42 7 9 11 28 44 71 81 32 73 17 82 25 57 10 37 54 45 56 74 95 36 53 16 72 87 23 33 35 93 13 29 96 40 55 68 99 62 83 85 66 60 12 79 20 0 63 98 70 49 67 19 5 61 58 22 86
TEST 45 ARG:73 65 3 26 45 15 21 14 75 79 40 5 6 71 18 58 61 57 68 32 59 33 35 19 43 4 98 51 95 67 88 53 56 31 77 60 76 84 20 54 92 66 39 90 37 83 64 28 63 25 96 74 52 22 89 86 1 27 49 70 17 12 41 47 13 62 11 93 34 91 0 16 30 94 7 29 8 50 38 81 85 24 44 99 69 36 48 97 82 9 87 80 10 46 72 55 78 42 23 2
TEST 46 ARG:77 59 96 41 39 44 16 94 8 21 30 46 40 98 10 11 75 62 66 18 49 37 85 7 93 36 95 33 1 97 19 28 80 61 34 43 32 31 81 86 87 54 71 57 88 9 38 64 5 6 22 26 27 20 47 60 67 92 69 52 56 84 78 0 29 45 82 23 53 55 91 17 83 65 13 73 42 74 70 90 35 68 51 79 63 76 2 3 50 14 24 99 15 25 4 58 72 89 12 48
TEST 47 ARG:94 66 37 88 70 71 61 12 98 11 29 27 68 0 7 47 34 67 6 60 79 78 23 25 22 89 1 18 90 95 52 53 16 93 85 4 45 19 64 17 38 35 51 81 99 36 42 55 20 44 50 87 8 97 80 59 56 30 74 10 77 63 73 46 40 14 24 15 43 28 62 91 75 92 65 82 5 2 3 26 49 41 21 86 84 32 96 72 48 76 33 39 83 57 13 31 54 58 69 9
TEST 48 ARG:67 19 27 54 18 73 63 89 8 31 78 37 30 53 96 74 51 80 5 42 46 84 45 25 92 3 7 23 50 38 2 6 36 11 48 57 81 88 34 39 52 22 21 28 56 12 40 55 75 83 95 66 79 0 59 97 71 99 77 35 41 65 86 62 29 90 43 64 82 93 10 4 14 33 70 47 13 58 60 61 16 20 15 98 85 49 91 76 68 26 94 87 17 1 69 44 9 72 32 24
TEST 49 ARG:5 65 17 64 18 32 24 3 89 62 78 27 84 19 16 75 2 73 33 92 30 94 12 14 91 22 45 77 34 9 28 31 87 46 57 82 15 23 97 39 51 96 49 70 72 93 48 90 69 99 52 85 0 13 42 80 20 61 37 6 66 25 79 83 38 47 58 8 29 76 60 40 4 53 21 7 35 95 43 81 54 26 74 68 86 10 71 41 55 67 98 59 36 56 44 63 1 88 50 11
TEST 50 ARG:66 80 98 0 83 3 55 42 38 41 99 81 12 93 1 85 91 75 46 4 40 44 43 39 95 33 28 16 45 21 20 34 88 69 36 58 87 89 53 29 47 62 64 71 82 86 52 92 10 14 6 49 31 73 37 35 59 94 32 23 77 7 57 67 97 8 26 27 25 90 18 51 50 65 74 63 54 68 17 96 13 9 15 19 79 22 61 48 70 56 72 78 2 30 60 76 24 84 5 11
TEST 51 ARG:54 14 83 65 68 77 49 94 0 46 30 6 71 50 9 39 81 61 92 17 31 26 21 90 23 38 58 52 84 47 12 5 15 37 63 8 44 32 7 24 56 57 86 19 34 13 40 62 91 20 66 35 27 89 59 55 51 1 76 45 64 10 29 93 74 96 48 78 82 97 11 80 60 67 22 98 2 53 70 87 72 43 95 3 88 33 28 41 36 85 73 79 69 16 99 42 75 18 25 4
TEST 52 ARG:71 51 65 59 19 60 13 21 91 74 14 52 70 7 29 77 26 43 34 50 2 78 16 99 40 44 4 48 69 54 28 88 41 56 25 90 63 37 1 18 10 6 22 17 58 46 94 11 32 15 75 49 42 8 66 47 39 45 82 24 93 57 81 92 31 61 72 80 12 83 85 53 36 62 55 27 0 38 95 67 73 20 98 79 84 76 89 3 64 33 35 9 30 87 97 96 68 86 5 23
TEST 55 ARG:77 85 87 99 57 79 14 98 5 86 89 61 67 29 18 76 23 47 38 63 90 82 41 33 92 19 69 39 0 51 93 75 8 21 26 60 37 71 46 25 73 53 13 43 80 12 36 95 7 62 44 56 66 49 15 16 78 52 24 32 48 91 9 94 20 74 72 96 40 4 34 2 10 17 70 50 88 64 3 54 65 1 97 22 42 81 30 45 35 68 28 11 55 59 6 84 83 27 31 58
TEST 56 ARG:7 91 44 65 85 76 15 28 2 98 86 51 4 74 31 23 22 84 67 14 63 50 56 89 58 0 61 94 82 45 11 99 32 79 10 46 20 72 54 59 49 35 78 62 88 27 12 6 60 55 30 87 34 17 29 19 8 83 97 70 39 33 36 66 77 26 95 81 73 47 38 9 13 68 57 18 21 3 75 53 42 40 16 1 37 92 80 90 52 43 71 96 64 41 48 24 25 5 69 93
TEST 57 ARG:42 72 14 75 85 43 83 63 33 32 52 53 3 38 57 54 19 22 91 41 64 12 93 59 6 80 18 88 11 92 25 49 74 76 60 35 97 44 89 78 68 0 26 90 55 4 30 9 56 24 48 17 13 10 69 47 99 65 37 67 96 28 50 66 51 94 95 16 79 46 73 81 29 36 23 87 58 62 40 8 39 15 82 21 1 2 61 70 7 98 5 45 34 20 84 71 27 77 86 31
TEST 58 ARG:54 19 88 0 27 98 46 69 78 7 64 55 34 31 94 21 33 15 91 36 43 58 29 82 93 97 3 26 81 47 87 23 5 32 57 48 12 8 77 75 66 68 65 96 37 38 71 1 60 11 2 20 72 17 44 73 83 6 61 90 24 95 49 30 67 52 4 28 74 84 79 53 22 51 39 80 59 10 18 56 63 89 85 9 40 92 25 50 13 41 35 62 45 86 16 14 76 99 42 70
TEST 59 ARG:58 95 69 31 11 19 13 92 12 60 40 29 3 59 67 37 44 14 28 4 30 75 23 93 38 10 99 65 34 51 88 41 35 68 24 5 66 79 96 89 73 20 57 85 64 86 54 36 48 97 90 80 39 32 46 25 94 8 63 49 81 53 0 47 33 1 74 61 9 62 42 82 52 70 21 43 16 98 22 18 27 76 15 45 71 26 87 17 78 77 7 2 72 84 6 50 55 56 91 83
TEST 60 ARG:17 32 44 5 81 10 16 75 54 38 0 40 29 48 36 57 47 33 84 24 43 52 65 99 18 66 69 51 61 88 71 67 56 96 62 34 2 31 94 23 74 46 77 22 30 3 91 78 14 86 35 25 53 93 50 39 58 13 97 42 15 55 26 95 59 8 83 19 70 27 82 12 72 21 4 9 68 28 1 20 85 87 98 45 76 89 49 64 6 63 92 11 7 37 79 90 73 41 80 60
TEST 61 ARG:65 85 92 15 79 2 43 17 75 0 10 11 33 77 48 91 60 82 44 74 76 84 53 27 18 40 12 19 46 20 64 70 35 24 94 8 54 83 21 47 57 78 14 63 69 45 61 58 37 50 25 31 39 22 68 32 97 28 89 38 93 55 29 36 88 34 3 23 81 7 13 96 49 80 87 41 62 66 98 6 73 1 26 4 56 86 16 95 99 72 59 5 9 51 90 52 71 67 30 42
TEST 62 ARG:65 50 36 14 22 53 8 58 45 85 23 63 27 5 94 98 74 92 80 0 25 79 84 57 26 7 56 29 28 30 88 33 77 16 95 9 2 43 37 54 21 70 66 72 3 17 93 20 64 96 89 19 73 68 90 49 76 47 97 75 48 10 41 61 13 71 59 81 55 1 40 60 34 39 67 91 52 46 83 11 51 6 78 32 99 18 15 4 24 12 62 38 35 42 86 82 31 69 44 87
TEST 63 ARG:0 82 43 70 69 12 7 87 65 50 61 88 8 13 14 51 21 20 97 57 55 19 32 26 47 42 3 83 98 22 92 40 24 35 99 77 15 5 85 64 1 54 44 31 49 16 62 6 95 96 46 17 2 59 79 11 68 38 84 4 91 41 45 27 52 71 37 28 93 78 30 80 81 67 72 73 86 25 94 56 29 48 89 18 23 63 39 53 9 60 74 33 76 10 36 90 66 75 58 34
TEST 64 ARG:46 81 21 73 83 50 75 84 14 25 97 55 86 79 92 64 68 1 19 94 37 47 43 91 90 99 59 98 65 0 52 30 17 32 69 29 80 26 10 42 8 95 87 48 40 22 18 39 3 24 51 28 56 13 33 44 62 76 45 5 77 88 72 27 4 93 15 57 6 96 60 54 70 53 9 11 31 74 12 36 35 49 2 20 23 71 34 7 38 67 78 16 63 82 58 85 66 61 89 41
TEST 65 ARG:28 86 88 97 15 69 63 56 23 42 1 0 68 38 91 37 4 58 51 87 62 79 75 26 20 50 82 90 18 27 76 35 19 14 46 43 41 54 24 81 7 9 8 59 13 3 74 48 33 45 31 44 11 64 77 83 47 32 98 25 49 36 73 95 57 16 6 80 85 96 10 12 84 94 2 92 52 61 70 66 89 99 34 55 71 29 72 22 30 17 53 39 60 5 78 93 67 65 21 40
TEST 66 ARG:4 16 53 35 42 32 45 18 34 22 0 76 57 52 12 37 56 8 48 54 41 26 55 40 46 24 29 15 73 97 7 28 92 71 51 20 5 95 17 64 90 75 38 47 33 27 77 3 49 36 80 43 99 81 61 96 85 59 91 93 1 44 60 84 50 65 88 63 68 2 87 23 83 79 25 66 11 14 21 39 94 67 74 9 82 62 98 78 89 72 69 86 70 58 30 19 31 10 13 6
TEST 67 ARG:19 70 52 88 73 51 49 13 0 98 24 53 76 28 30 1 25 18 8 20 32 64 45 83 74 43 75 22 95 48 56 39 41 38 35 99 40 44 96 93 47 21 6 91 26 90 81 87 89 77 54 16 5 23 71 2 65 7 57 97 92 58 42 29 62 84 86 11 46 12 14 9 36 17 68 66 72 15 33 60 4 50 85 59 10 3 82 31 94 27 34 55 63 37 80 61 78 79 69 67
TEST 68 ARG:37 26 17 87 21 88 18 62 39 81 4 20 98 65 22 48 95 42 11 99 90 64 59 53 73 33 86 54 1 14 91 97 13 52 56 74 41 57 15 92 32 50 61 66 25 60 83 63 8 93 27 40 6 3 28 78 68 75 44 16 45 23 70 96 2 80 19 72 55 76 36 9 49 84 58 85 79 69 46 43 31 77 0 47 51 89 38 12 30 7 67 5 82 29 71 94 10 35 34 24
TEST 69 ARG:62 37 70 20 67 77 26 84 18 40 45 75 42 6 13 29 60 31 8 52 59 36 1 11 89 64 61 58 96 98 39 73 21 69 93 88 35 80 50 56 10 66 86 44 49 79 51 57 87 23 24 3 7 16 38 99 30 5 78 92 65 19 63 74 55 97 32 2 48 17 28 22 43 94 83 27 9 76 85 47 91 54 68 41 72 33 0 4 81 95 82 15 34 46 14 90 71 25 12 53
TEST 71 ARG:37 33 24 43 2 40 60 11 94 17 28 50 4 70 25 85 5 45 48 84 99 29 61 10 16 98 69 6 46 74 95 58 97 57 15 51 87 80 90 65 30 49 54 22 38 35 96 77 14 62 7 56 88 8 41 19 12 42 68 9 27 23 18 31 67 36 26 72 83 76 71 64 73 79 75 86 32 20 59 3 0 93 55 52 44 39 66 81 92 13 63 1 89 82 78 34 91 21 47 53
TEST 72 ARG:56 1 55 42 36 73 3 24 64 99 25 67 8 54 70 46 62 17 15 65 33 61 77 80 91 83 98 72 20 94 39 96 13 10 30 23 93 79 18 21 19 75 95 48 35 29 22 40 16 59 74 85 28 32 4 82 6 66 7 57 84 9 2 81 89 87 78 5 68 86 43 69 14 41 53 58 88 45 0 49 90 11 50 60 31 52 63 76 26 97 44 37 34 38 51 27 47 71 12 92
TEST 73 ARG:58 68 26 70 60 77 96 82 12 50 35 16 81 19 55 85 21 74 9 25 14 37 86 33 91 98 93 52 46 64 54 90 11 95 72 39 65 20 88 7 36 62 3 76 29 28 75 83 41 79 63 59 53 27 10 61 42 1 5 31 97 17 23 80 73 30 15 44 13 92 69 87 84 38 22 67 43 51 78 71 18 66 40 47 45 6 94 24 4 57 48 56 32 8 49 89 99 2 34 0
TEST 74 ARG:46 45 93 11 37 80 66 7 28 21 29 36 91 24 65 76 87 2 27 86 48 79 41 30 44 12 99 82 38 16 77 31 94 15 59 75 90 98 62 63 53 68 20 22 6 47 96 54 42 67 52 0 95 70 72 55 17 97 8 10 40 1 56 85 89 25 19 83 49 33 73 26 92 61 50 74 64 60 5 13 69 34 32 71 58 57 14 78 4 88 81 39 3 35 23 18 43 9 51 84
TEST 75 ARG:39 12 64 62 4 55 42 21 63 76 30 87 69 43 84 28 3 38 68 48 16 66 72 2 79 65 32 9 93 46 91 94 54 45 99 23 81 27 78 88 14 0 50 80 73 51 26 7 22 61 74 40 29 17 70 52 25 83 24 41 58 8 90 6 1 92 10 53 5 95 19 56 37 47 57 97 89 49 35 31 77 82 60 34 33 20 86 44 18 15 11 36 59 98 85 13 67 96 75 71
TEST 76 ARG:87 90 62 50 96 49 19 43 94 29 71 39 31 22 84 64 37 48 53 2 60 6 4 40 5 95 16 18 8 30 52 58 68 32 9 73 57 13 7 72 59 83 0 54 82 78 12 75 65 77 93 85 20 34 3 44 61 21 42 89 74 15 91 70 10 23 67 46 55 99 88 1 24 36 51 81 38 35 28 56 98 45 66 11 76 47 79 69 27 86 25 14 17 33 92 41 80 63 26 97
TEST 77 ARG:49 61 25 4 22 48 39 76 92 84 19 64 45 44 53 74 97 70 56 46 40 85 10 87 47 65 2 95 14 24 15 30 73 38 59 27 37 69 33 13 91 34 43 5 94 89 28 52 80 0 90 86 41 78 21 57 12 67 9 71 72 32 99 35 1 75 63 88 26 98 31 96 6 51 23 3 20 42 17 81 16 54 50 11 79 7 77 60 93 58 36 66 68 82 18 55 29 83 8 62
TEST 78 ARG:2 26 48 12 59 29 16 14 51 30 24 56 80 92 41 23 35 47 79 31 64 4 37 67 17 81 46 60 68 97 40 44 50 38 75 98 74 95 0 49 15 28 57 36 9 87 88 83 45 1 6 71 63 65 20 70 69 89 86 53 11 21 91 58 10 62 72 33 34 66 22 32 73 54 3 8 85 90 25 19 82 61 78 84 96 77 94 76 42 99 7 27 39 43 52 93 13 5 55 18
TEST 79 ARG:71 8 50 19 67 83 72 64 4 78 98 69 1 81 5 14 0 58 10 57 12 62 91 88 29 20 9 31 27 77 73 90 47 52 35 24 97 22 46 55 56 11 3 89 17 2 82 34 16 28 68 59 80 86 44 70 37 45 51 93 30 92 49 42 25 13 85 48 39 53 87 61 99 43 40 23 7 15 94 41 63 74 26 79 38 66 32 21 33 18 36 76 84 54 75 6 60 96 95 65
TEST 80 ARG:34 1 89 20 96 37 40 80 83 71 18 76 56 91 93 47 90 22 36 85 42 55 4 84 10 82 9 99 78 69 7 19 75 68 46 98 33 13 50 79 26 61 97 43 14 5 86 41 95 57 62 73 35 30 65 74 81 32 49 66 70 94 38 6 53 16 45 2 39 58 23 31 64 63 60 88 29 52 54 92 51 0 21 44 48 67 25 28 77 87 24 17 11 27 59 72 3 8 15 12
TEST 81 ARG:93 56 55 26 5 49 30 94 25 3 82 88 85 89 50 39 48 28 47 4 69 19 21 76 96 8 36 7 54 34 15 64 27 91 78 80 43 11 33 32 38 71 98 24 52 53 75 1 35 58 74 67 97 61 60 17 99 90 42 31 70 2 14 62 22 37 65 81 46 83 9 72 95 29 66 68 86 84 40 73 63 51 45 13 18 12 87 16 44 92 41 23 0 79 10 20 57 59 77 6
TEST 82 ARG:74 66 55 85 16 25 68 36 92 64 69 90 79 75 40 43 49 4 20 31 24 77 65 6 12 86 0 95 32 56 89 47 76 80 37 10 1 52 42 58 30 34 91 62 2 84 82 53 18 13 99 45 41 54 98 5 72 9 57 23 81 14 8 60 97 28 87 88 27 71 35 22 83 96 15 38 21 44 51 11 39 7 19 26 33 73 3 67 29 61 78 46 50 17 94 48 93 59 63 70
TEST 83 ARG:86 17 79 43 55 0 91 15 80 84 11 94 72 54 62 59 99 81 90 25 4 44 33 63 16 36 89 87 56 10 35 52 51 34 20 6 7 60 38 41 5 19 27 67 70 29 30 82 47 31 50 1 98 61 9 3 37 40 96 69 8 78 66 65 26 76 46 83 45 23 95 22 2 14 32 77 71 68 93 75 49 58 73 64 28 57 12 74 18 53 85 39 97 88 42 92 13 48 24 21
TEST 84 ARG:60 75 52 23 7 3 10 2 45 71 37 85 54 11 59 66 73 56 6 9 70 25 83 87 31 12 26 48 38 18 14 19 47 77 64 33 17 35 76 5 96 46 15 29 99 81 41 43 80 1 55 84 8 90 57 27 86 34 62 4 53 72 79 94 95 44 67 21 32 74 65 89 51 78 30 36 42 61 97 98 20 49 69 39 88 0 63 28 24 91 58 16 68 13 93 22 82 92 40 50
TEST 85 ARG:41 98 74 83 82 56 22 31 48 49 17 25 26 93 76 5 42 67 70 88 95 28 62 37 69 23 11 33 18 39 90 80 92 61 58 77 30 2 29 63 85 59 43 8 20 9 79 87 73 45 0 51 53 34 96 97 16 12 52 55 1 64 32 6 54 44 60 24 4 86 21 14 27 35 66 71 36 38 75 15 84 81 57 13 47 19 94 89 72 91 68 46 40 50 7 99 10 3 65 78
TEST 86 ARG:15 13 82 0 33 52 59 71 56 72 10 51 46 57 84 3 95 25 45 1 64 5 55 49 81 39 34 43 4 79 9 2 11 62 42 80 18 97 94 7 24 44 85 36 93 96 47 86 63 73 91 6 16 75 40 35 69 58 90 30 22 32 68 76 65 26 8 12 31 21 50 78 54 28 38 48 99 87 66 98 23 60 92 14 20 37 17 67 27 89 77 29 83 74 19 70 88 53 61 41
TEST 87 ARG:66 60 71 91 29 62 37 89 92 24 56 51 33 76 57 50 83 53 94 52 48 87 65 6 85 42 79 93 13 30 23 72 59 1 55 17 8 47 84 10 40 34 96 44 31 43 22 28 39 32 27 99 86 11 26 63 75 19 61 81 78 2 80 35 20 88 3 0 15 9 70 18 90 45 12 97 5 77 21 54 73 98 49 58 95 16 38 14 69 25 36 82 74 4 67 7 64 46 68 41
TEST 89 ARG:30 53 73 63 47 1 0 76 78 71 80 18 16 89 29 51 2 93 38 95 56 55 7 69 35 61 24 83 9 57 33 65 49 19 91 60 81 54 96 98 20 79 82 75 92 3 25 52 74 34 37 10 77 26 88 22 84 15 90 50 43 31 62 67 85 21 39 6 41 28 36 87 32 23 27 68 97 8 12 99 72 40 46 58 5 59 86 42 4 45 94 66 48 14 44 17 64 11 13 70
TEST 90 ARG:85 73 42 45 7 18 40 12 90 91 10 25 99 49 2 36 28 34 50 35 95 60 27 21 97 14 0 37 71 59 32 38 57 53 48 26 6 39 4 11 16 74 84 63 17 13 43 54 67 98 29 23 89 56 20 47 68 64 72 44 22 94 58 83 88 8 75 92 51 81 76 24 70 69 66 1 9 41 52 82 31 55 5 96 77 30 33 86 93 78 61 79 65 3 62 80 87 19 46 15
TEST 91 ARG:38 18 90 44 99 70 81 78 48 94 6 43 98 57 24 74 16 64 1 69 87 15 5 55 65 83 31 62 8 14 60 22 93 58 20 77 68 0 13 53 41 46 37 49 72 52 67 85 88 59 71 9 23 40 30 51 63 92 42 34 50 33 7 26 91 11 21 29 66 79 89 56 27 82 2 32 10 25 3 97 84 35 80 19 47 86 28 45 75 61 96 95 4 76 39 36 73 12 54 17
TEST 93 ARG:83 85 84 51 23 54 61 4 52 97 40 75 47 0 94 32 79 71 46 42 53 63 95 34 1 57 31 69 26 19 62 10 73 25 18 37 96 16 33 66 56 22 48 21 27 77 11 38 13 8 86 70 2 88 68 49 41 15 76 36 87 7 93 60 65 81 82 64 98 67 30 14 58 89 29 39 3 28 59 55 80 99 20 17 92 50 78 43 9 74 5 12 45 90 6 44 35 24 72 91
TEST 94 ARG:14 73 97 79 31 82 13 4 88 15 70 56 86 54 44 92 81 40 0 16 94 33 78 24 7 26 59 46 45 96 57 18 65 58 80 28 19 49 50 68 37 22 35 90 87 10 29 8 9 53 38 91 99 67 47 64 89 42 60 52 17 76 20 98 74 84 3 5 11 63 66 75 27 43 39 1 93 2 25 41 83 48 23 95 62 55 71 21 72 36 6 12 32 77 30 69 85 34 51 61
TEST 95 ARG:99 50 53 12 11 13 87 54 86 77 15 10 7 27 17 64 47 62 35 34 45 38 57 43 88 84 3 28 80 21 20 96 71 42 51 73 9 48 65 69 60 83 37 26 8 75 16 22 25 82 58 40 18 46 59 24 98 66 2 31 44 76 97 32 5 63 70 93 36 89 33 90 39 6 1 30 23 81 55 61 29 41 85 56 19 72 52 91 14 74 79 4 49 67 0 95 78 92 94 68
TEST 96 ARG:34 77 51 4 22 11 53 20 50 56 45 8 57 6 72 55 26 79 7 24 66 42 13 62 85 80 30 89 19 21 68 99 61 9 95 91 71 1 0 36 75 44 17 65 35 58 18 70 64 54 46 29 38 32 12 63 41 76 49 3 33 47 25 39 27 52 28 16 83 23 15 74 86 40 88 5 31 96 2 43 92 94 14 98 60 78 97 82 84 67 59 81 48 93 73 69 10 87 90 37
TEST 97 ARG:58 49 37 77 13 16 83 15 72 96 5 32 40 12 94 70 85 60 53 23 42 56 8 21 80 18 95 98 78 1 7 64 29 52 22 69 36 44 19 20 54 51 2 28 73 75 43 59 24 65 33 3 14 35 87 6 76 86 97 55 30 45 48 31 11 4 10 47 26 27 84 88 82 0 63 34 67 79 38 61 41 99 71 68 57 46 90 62 89 91 66 93 92 81 9 50 17 39 74 25
TEST 99 ARG:76 93 87 70 80 29 45 31 81 72 84 47 12 54 25 15 22 48 75 0 60 94 89 28 61 41 35 59 91 83 43 3 13 98 21 63 51 38 64 24 90 11 55 14 19 92 65 79 78 23 27 88 32 8 52 30 96 36 26 58 46 85 9 20 66 39 97 18 53 73 71 37 1 86 77 57 68 44 2 16 5 99 7 82 50 49 56 40 10 17 69 62 67 33 6 34 74 4 42 95
TEST 100 ARG:9 20 98 27 49 95 18 90 28 78 44 51 10 35 50 21 92 0 29 2 15 88 13 43 46 55 68 5 8 64 99 40 6 31 85 62 12 23 63 84 70 81 76 86 83 57 74 69 61 94 80 32 77 48 73 56 34 45 42 82 19 4 72 54 26 38 37 93 41 11 1 36 22 3 17 25 47 97 89 7 14 33 52 24 59 66 30 65 79 39 96 53 75 87 16 60 91 67 71 58
TEST 101 ARG:4 62 2 51 94 53 70 35 16 87 18 92 50 10 96 31 28 74 23 86 13 64 36 32 57 73 83 25 85 55 46 79 93 69 0 98 5 22 1 54 56 82 33 30 3 45 14 63 59 15 8 39 42 49 6 61 80 71 65 9 21 72 90 99 78 34 24 27 81 67 7 26 68 76 66 84 77 97 48 91 29 47 37 11 38 95 60 52 44 40 75 89 20 12 58 41 88 19 43 17
TEST 102 ARG:17 51 5 46 84 86 48 90 71 94 63 69 85 24 95 52 89 67 61 98 93 26 54 10 6 0 73 33 81 83 31 92 14 99 45 9 43 70 18 20 55 42 41 40 91 47 76 59 56 77 4 32 12 58 79 21 80 22 29 62 65 57 3 16 13 1 36 23 28 19 38 37 78 8 27 15 11 25 68 30 97 88 39 82 60 96 34 44 72 35 50 74 7 64 49 87 66 75 53 2
TEST 104 ARG:63 86 34 25 3 26 17 42 55 29 49 7 96 65 93 45 88 47 79 22 16 62 85 43 46 57 67 13 78 2 5 4 59 68 8 98 28 77 24 58 41 10 81 71 97 23 52 37 9 1 61 12 53 76 14 84 99 72 91 70 6 39 0 40 30 51 50 64 44 27 15 48 69 82 73 87 38 20 35 75 11 74 89 95 19 31 54 94 21 66 83 56 60 32 36 80 90 18 33 92
TEST 105 ARG:71 32 26 86 27 10 3 25 42 40 83 45 15 11 33 94 93 31 95 89 55 48 61 96 66 30 29 90 76 13 43 16 18 19 1 44 99 78 82 97 41 92 6 0 37 56 87 54 88 34 62 24 12 46 65 64 21 39 70 50 98 17 69 35 59 14 38 77 80 5 57 79 63 60 22 20 47 68 53 4 73 23 7 81 2 84 85 28 72 36 9 67 51 75 58 91 49 8 74 52
TEST 106 ARG:33 24 78 15 28 14 96 37 13 65 22 2 51 56 91 43 35 82 61 32 38 53 84 99 41 54 83 95 1 98 55 67 71 81 23 0 87 85 89 79 52 25 74 58 10 59 75 8 16 36 80 27 21 47 29 73 62 30 46 6 39 5 18 88 69 90 97 86 77 94 34 31 9 93 26 42 4 11 57 7 3 66 92 45 70 19 63 12 60 48 50 64 20 44 40 68 76 17 72 49
TEST 107 ARG:12 87 78 71 24 50 83 58 11 84 61 81 15 21 17 53 18 89 85 56 69 31 88 80 34 68 38 62 16 70 96 4 0 44 73 30 43 9 19 29 47 72 1 36 64 42 7 82 5 28 8 45 79 76 48 97 91 10 98 93 86 92 2 22 77 33 63 32 40 65 74 14 75 23 25 55 39 66 52 27 20 49 90 57 94 67 51 35 59 54 60 46 3 26 13 99 41 6 37 95
TEST 108 ARG:12 63 53 47 65 29 81 28 11 13 58 27 80 20 19 42 55 33 56 85 46 34 82 62 9 87 84 78 72 5 73 51 99 6 8 54 21 7 71 14 17 68 79 44 3 40 26 91 48 39 30 66 32 1 4 57 36 22 98 69 49 24 97 59 61 70 95 2 50 10 89 25 37 35 18 41 76 52 77 86 64 93 94 16 83 31 43 60 74 92 38 67 90 88 75 23 0 45 15 96
TEST 109 ARG:7 29 18 79 58 53 59 66 91 50 86 10 72 11 41 98 30 87 46 52 21 23 13 96 28 15 45 65 51 70 14 40 76 38 94 92 80 88 37 35 49 33 4 36 20 42 85 19 83 0 22 90 44 55 24 62 2 17 25 84 34 78 81 77 32 89 57 9 69 8 56 26 99 43 71 95 74 68 31 3 63 64 75 48 67 12 39 73 61 6 60 93 82 5 27 97 47 16 1 54
TEST 110 ARG:60 78 9 5 82 45 55 70 29 66 73 81 93 79 30 10 85 6 62 8 74 65 13 53 77 36 41 58 27 87 38 26 15 22 89 37 25 33 42 94 39 11 91 49 20 24 72 3 52 40 76 21 57 80 28 1 46 43 51 48 63 14 54 18 7 71 68 47 23 83 88 99 4 35 31 34 95 17 64 61 19 90 2 75 84 98 44 67 96 86 0 32 59 16 97 92 50 69 12 56
TEST 111 ARG:65 96 8 24 39 68 45 52 30 80 32 64 76 91 35 74 61 85 62 47 1 17 4 14 9 16 37 21 84 63 66 11 97 22 98 3 5 15 53 41 75 55 79 28 18 12 49 82 73 78 70 26 71 67 69 40 10 93 23 38 0 77 6 95 60 99 31 44 7 72 90 56 19 42 83 48 87 36 46 92 58 94 27 29 57 89 34 33 25 20 43 59 54 51 88 13 86 2 50 81
TEST 112 ARG:67 88 86 92 6 44 62 2 16 18 51 57 1 87 0 58 72 4 73 14 5 80 69 96 13 3 35 9 19 79 78 32 41 34 42 8 39 30 20 48 23 74 61 84 26 27 83 50 76 63 31 81 98 28 66 59 15 40 11 56 95 53 36 17 49 33 82 10 89 46 47 97 68 37 7 25 90 91 24 93 55 77 60 64 12 43 52 71 70 21 94 29 38 45 99 85 65 22 54 75
TEST 113 ARG:79 88 62 37 83 8 97 85 55 94 74 58 29 2 17 66 27 56 41 63 36 6 87 48 71 61 67 47 43 53 42 57 38 93 19 82 92 22 91 52 69 95 99 75 15 96 59 20 86 46 40 31 32 72 7 16 14 11 26 25 35 0 1 23 54 44 34 13 80 24 3 28 9 84 98 4 21 65 5 60 12 10 45 73 39 81 18 68 64 33 77 50 76 51 89 70 30 90 78 49
TEST 114 ARG:35 17 73 23 42 93 56 57 61 80 34 65 1 2 41 20 15 92 99 24 31 54 14 16 64 69 86 44 72 60 26 50 33 5 97 52 85 40 87 8 19 74 71 6 59 75 81 91 68 90 78 38 48 27 79 25 4 55 30 3 53 29 51 95 63 49 18 67 7 83 12 98 82 0 62 46 89 10 28 13 36 32 96 58 66 77 94 88 84 21 47 76 9 11 22 43 39 70 45 37
TEST 115 ARG:71 3 43 16 6 10 60 91 12 0 51 73 5 62 23 50 61 88 36 68 52 76 28 64 54 30 81 53 38 90 86 84 8 65 85 66 95 20 41 78 72 31 82 44 94 98 15 55 75 74 89 69 42 1 80 13 96 34 77 32 21 33 99 67 35 4 93 59 18 11 92 25 7 83 40 48 70 19 97 2 56 45 39 79 58 22 37 24 9 47 63 17 26 29 57 14 27 46 87 49
TEST 116 ARG:99 82 19 49 55 76 58 39 60 50 96 38 59 40 14 97 85 23 46 72 53 30 18 36 25 13 69 88 17 7 52 11 89 44 1 62 61 43 81 47 77 93 90 27 0 94 70 3 41 15 86 28 57 67 74 29 64 56 35 33 22 95 63 4 80 65 68 9 45 51 2 34 75 83 10 73 71 98 48 6 31 12 87 37 42 24 21 5 32 91 78 16 79 20 66 92 8 54 26 84
TEST 117 ARG:69 8 72 27 84 52 82 26 41 87 22 12 80 19 24 5 48 73 91 97 4 0 68 64 42 30 11 89 50 31 78 1 36 28 34 6 70 93 38 83 59 66 43 57 20 74 37 99 45 23 60 85 79 92 96 25 95 81 86 94 10 47 77 63 29 9 46 17 54 55 61 3 21 35 7 62 14 39 65 67 40 16 2 88 18 49 90 51 33 71 13 56 98 44 32 75 53 15 58 76
TEST 118 ARG:65 71 73 77 45 76 52 86 50 9 22 91 11 18 54 99 57 26 48 17 3 89 8 15 19 72 63 41 88 33 36 47 16 5 40 55 25 69 13 90 81 35 38 66 53 58 51 32 28 60 64 37 84 98 46 20 27 49 42 95 67 97 74 94 34 29 56 62 96 85 39 24 6 12 79 14 59 21 78 30 87 93 82 83 4 31 7 75 43 68 10 80 0 1 61 70 23 92 2 44
TEST 119 ARG:35 9 25 94 28 48 81 55 57 58 79 43 71 33 88 52 84 36 16 59 45 98 68 73 7 77 15 64 89 49 1 91 99 29 4 83 75 47 22 67 11 74 37 32 44 69 18 20 24 85 13 97 26 19 62 53 6 92 40 82 80 42 60 8 96 78 61 87 12 56 10 14 38 65 86 17 5 76 51 41 70 34 3 21 46 90 54 27 93 39 31 2 0 66 72 50 95 30 23 63
TEST 120 ARG:40 55 21 87 50 65 25 43 2 23 18 64 41 86 22 19 39 11 45 98 94 28 17 68 7 15 70 73 62 27 59 53 79 90 8 35 82 33 91 51 54 6 42 30 83 13 10 72 31 24 96 34 38 75 88 76 71 80 92 63 3 1 26 46 52 48 74 85 60 69 44 89 81 49 97 36 57 20 9 78 56 32 61 16 14 77 47 99 93 84 58 29 4 5 12 66 37 67 0 95
TEST 121 ARG:46 17 85 35 27 74 68 51 77 60 88 3 43 62 76 71 45 87 73 67 13 48 93 78 79 2 54 83 23 31 50 53 84 10 52 63 86 94 90 42 97 64 26 6 55 69 9 66 56 40 59 36 33 41 20 32 65 49 96 7 19 98 61 80 72 28 70 22 11 16 99 1 89 75 95 47 4 15 34 8 37 30 57 91 14 58 25 44 81 0 5 38 92 24 18 82 29 21 39 12
TEST 123 ARG:98 77 3 75 92 4 27 68 5 45 43 33 32 74 15 9 36 39 95 85 51 14 65 72 20 54 76 86 22 96 10 47 89 78 81 48 69 62 55 49 58 26 24 46 6 12 19 88 21 84 64 83 18 50 34 1 53 93 61 57 73 37 66 38 0 25 70 56 17 41 71 87 31 44 2 16 8 52 29 91 28 11 40 7 63 97 59 35 82 80 79 60 99 30 13 90 94 23 42 67
TEST 124 ARG:94 51 56 27 28 48 6 35 50 98 60 77 4 66 40 69 44 26 49 67 45 9 53 81 36 11 37 80 83 64 17 74 73 14 15 99 86 21 58 47 93 82 59 96 16 24 95 42 61 20 8 72 41 62 10 19 87 70 75 0 33 31 22 2 34 12 65 85 76 57 97 1 55 63 54 7 46 90 23 5 68 30 71 13 32 18 39 79 29 84 92 88 3 43 25 38 91 52 89 78
TEST 125 ARG:13 7 69 16 76 32 68 37 12 81 29 95 61 56 45 31 71 1 26 5 88 74 62 98 14 75 42 36 72 22 10 60 4 91 89 79 47 20 11 0 70 94 8 3 40 6 33 25 39 57 65 27 73 30 23 17 63 2 93 55 44 49 97 50 59 38 21 99 64 87 83 48 85 35 78 77 92 34 24 41 82 53 19 28 66 15 84 58 9 90 96 52 43 46 67 51 18 86 54 80
TEST 126 ARG:68 97 11 75 59 94 57 16 61 45 73 65 79 55 71 6 81 30 51 20 21 58 0 76 52 41 3 53 64 35 84 92 85 82 88 14 33 42 32 43 38 4 96 74 72 27 19 1 98 60 56 69 9 34 46 36 12 77 13 78 99 87 26 44 39 2 67 25 18 80 31 90 83 23 95 49 93 22 5 50 40 70 66 54 37 48 62 29 63 17 47 15 89 86 10 8 7 24 28 91
TEST 127 ARG:24 50 91 56 29 82 88 47 60 64 21 57 73 61 33 99 89 85 97 86 17 77 43 65 9 96 7 94 53 11 69 84 14 31 70 72 34 55 6 75 95 0 25 13 44 3 4 90 58 27 20 18 48 66 62 81 49 28 79 68 52 98 59 1 76 67 15 32 63 39 36 37 92 46 87 74 41 26 42 23 54 10 38 5 12 83 8 19 16 2 40 93 35 45 30 22 80 51 71 78
TEST 128 ARG:53 46 77 6 96 61 4 91 50 36 66 38 69 40 63 85 62 79 90 16 83 57 68 41 34 80 87 17 26 88 43 11 75 18 67 3 1 44 55 49 42 7 86 29 39 19 99 64 15 72 32 27 13 65 98 54 97 93 8 78 5 21 51 14 92 2 30 23 76 45 81 35 9 60 12 24 48 47 31 94 28 58 74 52 70 73 56 89 71 59 82 10 84 22 0 20 25 37 33 95
TEST 129 ARG:33 32 11 38 77 66 76 9 68 14 45 19 31 86 82 64 78 83 13 95 3 94 75 56 99 1 21 18 46 29 72 7 62 60 40 52 73 92 54 5 98 4 44 58 39 42 59 96 87 2 49 16 70 65 43 24 34 79 47 37 17 93 25 88 36 0 10 85 41 8 74 97 81 48 23 30 15 51 90 27 71 55 89 91 50 28 53 61 20 84 6 69 63 22 35 80 67 57 26 12
TEST 130 ARG:80 61 17 19 73 22 28 55 85 46 76 59 93 36 60 29 87 1 20 6 97 34 42 69 57 7 68 88 62 79 86 58 26 33 8 72 56 91 83 78 41 66 24 67 38 48 11 0 44 23 27 50 32 16 63 52 89 71 77 13 54 2 30 25 40 45 82 81 64 5 51 65 95 43 31 53 90 15 9 70 99 39 96 92 3 10 14 18 74 4 12 47 98 37 94 35 49 21 84 75
TEST 131 ARG:86 62 17 39 46 30 54 50 27 35 32 19 8 52 57 47 2 14 76 34 67 11 92 90 1 7 5 4 78 59 72 55 37 21 38 83 43 28 71 22 41 64 77 85 0 97 56 42 44 48 36 69 84 12 10 88 26 18 99 96 3 68 58 9 25 40 89 49 31 63 98 73 45 51 60 70 74 75 91 94 80 81 13 87 66 95 23 53 93 16 33 79 61 82 24 20 6 29 65 15
TEST 132 ARG:73 29 40 93 36 94 49 65 2 57 85 95 62 4 61 88 26 27 3 70 18 28 75 56 44 38 48 67 34 8 69 37 63 99 21 17 74 15 64 14 32 51 96 52 30 59 89 42 80 20 92 23 50 1 90 77 45 13 79 78 22 97 68 54 10 31 83 58 60 16 84 71 39 46 25 41 35 82 66 12 91 86 6 72 43 98 9 76 5 87 55 7 11 53 81 24 47 0 19 33
TEST 133 ARG:61 99 62 91 66 74 8 58 0 73 12 24 70 29 76 65 51 44 64 82 88 27 71 26 4 37 98 43 67 69 32 59 25 85 31 16 45 34 63 53 2 15 75 77 56 52 83 41 7 23 50 94 57 55 13 84 36 1 78 18 46 11 20 17 42 60 30 9 90 6 81 3 49 86 80 22 38 79 40 92 87 47 33 5 95 48 93 28 21 96 68 72 10 35 19 39 14 97 54 89
TEST 134 ARG:74 35 68 60 11 71 54 49 58 70 65 7 75 36 52 63 57 28 12 66 83 2 27 90 51 3 43 79 89 30 99 72 14 91 20 26 24 88 29 53 39 18 10 23 77 5 9 50 47 40 1 93 37 48 62 41 81 94 80 38 46 17 98 67 55 8 96 73 95 32 16 6 78 4 97 21 34 84 85 31 87 86 76 64 19 22 44 61 82 92 0 59 33 45 15 69 13 42 56 25
TEST 136 ARG:10 25 84 81 86 30 43 59 5 71 48 40 58 51 72 78 66 65 19 8 64 28 21 52 32 83 82 49 55 41 62 76 13 60 90 35 79 16 23 57 46 1 87 26 22 36 74 96 54 39 95 99 77 67 92 33 73 94 9 53 29 34 2 12 15 85 17 44 89 45 0 20 68 97 47 6 91 4 27 93 70 75 3 31 63 7 37 98 88 38 69 11 80 42 18 61 24 50 56 14
TEST 137 ARG:89 10 45 54 19 92 95 9 13 11 73 76 47 32 87 18 4 82 8 42 74 31 25 71 28 52 68 36 46 20 63 67 90 56 81 77 5 27 93 24 66 37 33 26 60 41 84 96 23 7 51 98 29 88 86 72 21 57 70 35 17 69 62 65 44 48 64 94 58 30 14 53 0 43 59 6 22 12 2 85 78 39 34 16 97 91 3 38 40 55 80 50 75 1 79 61 83 99 49 15
TEST 138 ARG:20 60 37 67 90 0 75 9 19 65 83 29 98 73 4 8 44 93 1 26 56 15 5 97 34 10 69 78 40 18 63 7 54 30 39 77 11 58 35 68 52 42 80 43 48 36 51 27 47 91 76 24 16 86 21 22 64 50 70 99 33 41 6 59 87 94 89 45 38 2 61 88 74 62 23 32 25 14 57 53 3 49 82 72 12 96 55 79 95 31 81 13 66 46 85 28 71 84 17 92
TEST 139 ARG:60 13 26 96 33 69 99 10 3 71 47 2 14 7 78 25 24 82 97 92 51 68 85 21 18 52 12 95 34 59 84 56 67 73 66 6 27 42 11 54 89 9 43 41 62 5 65 88 38 35 49 55 90 79 19 70 20 86 32 77 64 63 74 61 16 44 45 0 29 57 22 94 15 87 75 53 80 50 98 93 40 1 31 58 17 36 39 72 81 23 48 8 30 46 37 76 91 28 4 83
TEST 140 ARG:99 54 44 69 43 67 57 65 83 36 56 49 22 58 19 1 75 24 3 16 74 35 48 93 86 45 50 72 42 15 53 2 26 98 88 39 51 94 9 81 71 97 17 59 95 84 20 4 64 0 61 10 77 70 38 18 14 6 76 5 66 27 31 78 7 73 34 23 60 89 11 8 21 80 62 37 68 96 46 41 91 87 25 92 79 12 52 47 33 28 30 13 85 90 32 55 82 29 40 63
TEST 141 ARG:27 28 5 79 2 40 95 58 99 81 77 89 76 41 56 11 34 12 22 63 26 90 66 78 0 37 85 80 91 48 87 92 47 33 57 30 49 71 23 20 1 93 29 73 54 39 68 43 53 16 38 45 42 82 7 15 97 98 84 44 14 18 8 67 6 31 94 52 24 83 72 13 51 64 65 9 50 55 61 62 96 46 86 19 10 74 70 36 88 59 4 60 21 32 75 35 25 69 3 17
TEST 142 ARG:83 61 79 38 6 20 33 13 5 63 4 66 45 11 48 15 31 54 74 62 93 42 71 67 97 60 3 82 95 22 47 56 18 40 55 65 49 69 64 72 1 12 89 43 86 85 34 50 94 96 35 59 53 0 75 73 25 90 17 27 68 32 98 37 84 39 21 28 77 99 10 44 9 23 2 58 88 76 78 92 29 26 30 46 36 41 8 81 7 80 19 91 57 14 87 52 51 70 24 16
TEST 143 ARG:13 48 69 19 85 82 76 5 91 14 35 78 73 32 92 11 9 62 60 36 17 3 21 61 52 99 44 34 45 31 55 83 66 0 71 42 84 26 28 79 97 51 40 56 90 12 47 57 16 1 53 43 86 6 33 41 89 87 63 70 49 15 2 30 93 81 29 22 94 74 38 72 88 4 46 75 27 54 50 59 8 39 20 80 24 65 7 37 58 10 96 18 67 23 68 95 98 25 77 64
TEST 144 ARG:83 99 97 0 56 3 53 47 79 93 26 23 69 35 33 63 67 52 58 55 61 28 59 66 76 43 24 94 22 45 57 44 51 11 16 92 71 87 39 41 75 96 42 62 91 60 72 82 19 73 77 6 65 80 7 25 10 46 74 98 2 95 30 89 85 34 20 48 17 40 84 27 90 15 18 70 9 36 50 14 31 37 78 64 81 13 12 5 49 38 21 54 4 88 32 1 68 86 8 29
TEST 145 ARG:51 49 80 78 87 60 44 97 83 55 21 79 81 0 52 45 98 70 6 7 32 18 89 56 40 1 27 66 94 30 91 5 64 76 26 48 10 69 54 99 47 73 39 9 88 43 42 82 29 65 46 28 25 12 58 93 16 86 61 38 59 20 13 50 84 63 85 22 11 62 95 37 41 15 34 68 31 8 19 36 17 92 72 75 96 35 74 71 57 33 4 53 23 77 2 90 24 14 3 67
TEST 146 ARG:50 12 79 11 73 65 58 36 91 5 98 48 13 33 9 51 74 3 27 95 38 6 2 66 97 87 81 23 1 93 90 94 14 80 17 25 57 39 52 67 69 82 84 16 49 42 71 99 18 24 56 61 78 89 15 62 47 85 22 64 30 4 59 40 88 19 46 20 29 8 28 63 32 31 70 53 68 86 34 26 75 54 41 76 21 96 72 83 43 10 0 92 7 45 37 55 35 44 77 60
TEST 147 ARG:46 73 44 23 66 87 58 55 34 81 4 86 40 48 80 15 49 75 35 89 38 69 27 68 72 26 43 59 39 84 74 41 5 85 24 29 12 21 62 61 17 77 25 52 79 2 90 13 37 9 16 54 31 95 28 65 50 14 11 82 51 97 94 45 47 93 76 42 92 96 63 7 30 83 32 57 0 78 33 99 98 18 36 56 60 10 8 6 20 1 88 53 3 71 70 91 67 19 22 64
TEST 148 ARG:77 14 69 37 36 19 75 88 61 54 60 67 31 6 82 95 23 4 96 55 2 85 30 65 28 79 68 70 25 73 15 78 42 56 26 12 43 89 94 13 50 91 32 9 1 5 7 35 87 27 72 62 40 63 10 66 74 98 16 83 93 76 84 99 22 34 17 20 59 46 97 92 45 38 53 24 52 0 86 41 81 80 64 90 39 8 48 21 11 58 51 71 29 33 57 47 49 44 3 18
TEST 149 ARG:94 29 70 32 26 95 28 61 33 98 25 62 50 45 80 14 36 76 13 86 65 72 63 4 58 44 8 82 59 57 51 2 81 77 6 69 53 46 79 67 47 55 21 64 83 96 52 3 87 75 39 34 42 90 89 35 99 40 88 27 23 24 10 15 74 48 43 92 22 5 11 41 54 91 68 85 60 71 18 0 1 37 84 20 31 56 12 19 38 30 7 49 93 66 9 16 78 17 97 73
TEST 151 ARG:74 31 21 2 94 68 37 15 42 27 67 62 57 60 10 93 7 43 87 20 84 69 28 34 85 76 6 78 51 47 5 97 39 46 50 59 66 64 91 71 92 14 98 23 79 61 48 29 88 75 73 96 52 24 41 90 49 4 17 25 86 63 18 38 33 16 3 89 53 11 99 58 1 9 19 35 45 44 80 72 77 30 56 83 40 22 55 13 65 32 82 8 26 54 70 81 0 36 95 12
TEST 152 ARG:42 50 81 4 43 2 15 55 97 9 94 30 23 61 53 5 20 14 96 48 64 76 13 77 69 54 84 62 78 22 65 88 28 47 18 57 34 86 87 0 73 3 70 26 32 24 19 45 74 41 8 36 49 11 98 71 82 29 51 1 37 58 63 60 67 68 16 46 33 44 35 79 56 66 90 27 75 31 6 72 40 21 91 89 85 25 80 59 12 38 83 7 99 52 17 95 93 10 39 92
TEST 153 ARG:70 48 57 51 9 34 49 41 13 4 1 92 88 12 73 59 77 98 74 15 45 35 62 18 8 60 81 5 32 44 72 37 66 19 31 36 29 94 11 22 56 2 67 42 80 16 89 84 10 78 96 39 63 61 68 47 82 30 14 33 24 85 79 50 26 93 27 25 55 76 99 52 86 87 7 17 71 97 53 43 46 69 40 65 83 3 54 90 64 0 6 58 20 28 91 23 38 95 21 75
TEST 154 ARG:46 43 94 73 7 77 53 47 67 22 58 18 78 90 34 10 84 52 97 65 88 23 71 31 79 64 14 70 36 4 81 35 85 80 8 19 32 45 38 11 56 17 61 82 55 42 29 69 16 6 20 99 49 0 15 26 83 13 59 37 21 75 41 89 62 28 60 87 93 25 66 96 68 30 50 2 33 44 3 76 1 86 74 9 54 5 39 72 40 27 57 91 95 51 98 92 24 48 12 63
TEST 155 ARG:25 92 57 13 11 55 30 62 91 85 24 29 12 49 51 19 83 47 41 15 20 21 75 4 45 39 69 90 98 94 78 73 72 8 77 87 88 0 99 80 50 16 37 53 34 10 9 35 54 64 1 33 97 3 44 43 66 5 76 59 71 79 68 61 46 23 93 58 82 26 96 70 14 67 84 18 17 95 81 42 60 7 89 86 40 22 63 52 32 74 48 36 56 65 6 31 28 2 27 38
TEST 157 ARG:16 65 6 50 44 29 19 47 48 90 10 45 60 32 24 27 36 3 14 31 5 40 92 52 23 95 0 41 97 33 58 76 28 46 81 99 1 78 96 53 63 22 73 51 37 93 66 26 70 21 43 72 49 67 89 84 34 12 79 80 59 62 83 20 57 15 91 68 94 75 9 38 55 13 56 85 8 86 98 25 77 39 88 42 7 64 54 69 87 4 61 11 35 17 30 18 71 2 82 74
TEST 158 ARG:6 75 98 43 33 30 36 82 38 48 9 69 78 96 29 95 15 62 81 42 79 13 61 90 47 99 86 91 77 8 65 20 97 26 14 51 60 55 52 54 39 72 58 17 40 67 87 53 18 28 66 27 11 41 7 4 93 19 59 89 23 46 35 63 56 71 68 85 73 1 83 80 76 3 92 2 10 88 50 70 24 16 12 45 44 0 25 84 22 32 94 34 21 74 57 5 49 37 64 31
TEST 159 ARG:37 13 1 94 90 97 57 51 71 41 81 77 16 72 11 52 83 45 60 4 93 14 50 67 38 23 46 63 96 12 66 92 3 33 82 30 88 79 55 35 7 29 21 27 61 19 62 73 53 84 56 85 34 86 68 69 95 65 43 75 28 22 5 2 98 78 20 31 70 44 17 99 47 36 9 89 15 64 74 42 76 49 59 24 26 87 80 32 25 6 48 10 54 18 40 8 91 39 0 58
TEST 160 ARG:43 23 2 48 87 92 69 20 34 81 44 94 93 86 73 24 0 39 54 57 1 28 70 8 85 83 27 30 63 45 79 22 97 32 55 68 17 49 96 62 98 25 75 58 89 3 12 11 84 41 5 59 37 31 40 21 35 10 19 67 51 88 74 6 72 77 38 82 13 80 33 90 16 15 36 47 50 42 9 91 46 71 7 60 78 52 29 26 99 56 95 14 61 76 53 66 18 65 64 4
TEST 161 ARG:82 0 2 99 64 51 6 8 72 68 65 80 61 19 4 71 33 35 31 79 34 55 50 90 95 45 77 5 67 41 24 91 16 21 7 62 76 18 88 49 32 44 94 42 13 39 14 81 60 73 26 37 52 63 10 86 69 27 66 84 59 23 17 54 89 40 28 12 58 56 96 87 97 93 30 47 29 1 92 85 43 9 98 48 22 15 3 78 25 38 11 83 70 75 46 36 57 74 53 20
TEST 162 ARG:41 66 67 91 65 8 51 99 9 50 27 15 30 22 3 47 48 88 52 95 5 29 10 73 7 83 32 79 92 60 84 4 37 57 85 16 76 18 34 87 28 33 58 14 77 81 68 98 11 38 93 1 0 56 53 49 64 80 89 59 25 20 69 26 74 86 2 72 42 54 35 31 70 6 96 82 19 46 44 43 61 39 13 40 55 62 45 78 12 90 23 21 63 94 97 36 71 24 17 75
TEST 163 ARG:4 66 31 9 32 10 68 55 19 18 65 12 6 11 87 1 30 94 49 90 97 7 8 88 86 58 70 42 77 54 95 24 91 75 71 93 33 72 80 41 85 16 59 62 15 40 79 21 46 84 37 45 63 76 50 57 81 48 47 56 29 0 51 38 36 34 99 25 27 73 14 82 26 5 39 22 74 17 28 52 98 78 2 96 89 53 61 43 20 13 23 83 35 69 67 44 64 92 3 60
TEST 164 ARG:6 51 82 35 39 32 50 41 79 16 37 90 67 15 33 91 75 42 28 78 11 97 7 58 5 94 83 21 59 23 69 65 73 24 76 26 27 52 2 53 86 34 89 84 55 63 77 14 88 18 25 60 36 40 3 96 93 4 70 87 95 10 54 1 71 92 64 48 47 72 45 0 22 66 44 31 56 13 61 20 49 99 30 80 85 57 8 68 17 46 9 29 19 62 98 81 12 74 43 38
TEST 165 ARG:41 87 31 85 16 60 21 7 66 50 42 47 79 58 13 5 18 62 65 22 91 44 96 26 14 68 69 98 49 67 4 72 64 54 59 84 93 97 61 56 24 71 52 15 45 89 40 0 10 37 19 86 92 36 1 6 70 76 90 94 55 51 63 28 32 20 35 34 77 74 88 3 75 82 81 43 83 99 9 23 73 33 53 95 46 30 25 39 12 80 38 8 11 29 57 2 27 17 78 48
TEST 166 ARG:47 38 79 69 62 6 88 75 41 36 73 39 61 80 55 95 3 58 13 42 8 9 32 25 7 29 91 44 1 21 60 83 56 86 54 35 63 11 81 26 57 34 64 84 53 22 31 15 12 59 94 17 20 77 5 19 14 28 2 30 82 93 72 66 68 52 98 97 71 92 51 74 16 45 50 85 24 18 23 37 89 67 90 33 46 78 27 4 96 0 76 87 43 48 65 70 49 99 40 10
TEST 167 ARG:38 22 23 7 69 18 9 61 52 33 79 44 84 32 62 88 94 20 92 60 46 98 47 13 71 86 48 96 43 49 76 56 95 5 41 78 4 39 77 10 36 83 14 82 58 12 34 63 31 85 67 75 3 17 15 93 40 50 99 16 66 91 55 26 65 73 35 97 59 19 89 64 28 80 6 0 81 51 2 37 54 8 72 90 21 87 74 25 57 11 30 1 27 45 29 53 42 70 68 24
TEST 168 ARG:57 66 16 6 96 27 5 81 73 56 85 90 76 0 65 51 75 44 30 53 50 77 48 10 32 23 63 46 11 70 26 95 34 69 9 47 93 79 37 61 14 25 98 8 20 72 94 39 52 80 68 1 3 91 67 19 43 78 42 13 35 55 89 71 60 15 21 82 83 87 28 18 49 33 64 12 31 88 17 86 54 29 62 45 36 74 97 92 58 59 24 38 4 99 40 84 22 2 41 7
TEST 169 ARG:29 97 21 28 84 64 98 8 58 88 75 36 72 25 87 86 42 17 77 45 57 83 0 43 12 82 49 66 78 5 18 20 10 7 32 96 52 38 39 14 41 69 31 89 62 68 94 95 73 13 16 37 26 81 54 1 91 71 80 9 70 2 46 67 33 34 44 30 90 40 61 79 48 50 99 22 55 27 59 76 63 3 6 93 65 24 74 56 85 53 4 11 35 47 92 51 60 23 15 19
TEST 170 ARG:23 56 41 18 35 85 88 50 52 2 9 57 37 5 98 76 66 65 95 39 77 11 59 93 25 44 36 70 32 74 99 8 28 71 96 63 46 27 40 42 19 69 72 58 6 87 86 49 31 73 43 83 34 24 26 7 20 21 92 3 80 54 45 84 90 0 16 1 53 10 78 62 64 38 17 94 29 67 60 55 68 47 12 51 30 14 75 82 79 89 91 4 81 48 33 22 61 15 13 97
TEST 171 ARG:61 58 62 73 4 85 1 64 97 26 29 65 57 52 7 22 93 44 54 46 96 67 27 16 31 42 63 2 40 71 30 89 15 66 90 25 36 39 94 23 45 24 78 55 18 5 74 32 82 60 92 84 50 43 10 13 41 51 72 47 98 59 81 68 3 11 80 0 91 33 9 95 86 70 37 34 49 56 83 14 35 20 87 21 75 99 77 8 38 88 69 79 28 48 76 19 17 53 6 12
TEST 172 ARG:48 61 81 45 7 69 30 73 76 86 27 11 14 84 77 67 65 52 97 36 70 59 13 12 21 3 87 62 37 75 53 74 28 79 25 51 0 26 18 47 92 16 40 71 35 4 64 93 38 22 49 34 90 46 50 56 5 57 31 63 20 95 98 80 91 85 44 55 32 60 8 42 17 89 2 9 15 43 72 66 83 78 99 82 54 23 58 39 24 1 10 41 68 96 6 33 29 94 19 88
TEST 173 ARG:75 66 20 50 15 55 49 48 26 40 73 35 99 16 45 9 88 25 47 10 37 59 61 87 2 44 76 5 1 56 89 53 14 39 11 96 30 6 36 21 93 84 32 42 29 90 81 17 85 77 63 94 4 64 8 43 57 98 19 86 52 23 24 22 70 31 12 54 7 3 18 97 91 67 95 71 82 38 27 68 46 58 0 69 41 92 78 79 28 83 51 34 74 33 13 62 72 80 65 60
TEST 174 ARG:9 7 12 5 53 91 25 44 79 51 81 62 85 32 80 75 8 34 30 2 21 54 45 18 71 36 29 96 63 1 97 38 67 49 16 74 86 57 93 19 24 33 95 28 31 64 6 48 20 76 26 82 84 43 89 73 0 92 56 99 65 78 72 69 13 83 68 23 46 66 59 55 77 40 3 35 50 37 70 10 94 87 27 41 11 17 39 4 22 52 47 60 90 98 15 88 58 61 42 14
TEST 175 ARG:66 62 33 8 70 93 36 28 77 63 20 74 65 91 2 5 69 49 88 7 1 44 12 89 90 94 76 39 97 46 54 81 40 11 72 50 23 16 21 29 68 9 27 86 71 80 73 56 99 41 18 3 13 34 75 38 0 95 55 79 4 84 52 61 98 42 53 25 14 37 92 64 51 6 60 78 57 43 83 15 24 32 47 30 82 59 22 45 31 85 17 48 67 35 26 87 96 19 10 58
TEST 176 ARG:8 6 22 32 81 75 17 35 9 71 92 29 63 37 40 50 60 26 5 94 44 15 97 62 1 84 86 39 24 27 2 20 19 36 31 28 53 85 33 96 41 45 69 59 80 65 70 79 91 98 58 18 7 87 83 88 48 13 43 38 3 46 47 14 23 34 68 16 82 12 52 25 55 72 64 95 66 99 0 78 93 10 77 89 11 76 61 4 90 51 73 54 21 30 74 67 49 42 56 57
TEST 177 ARG:93 91 49 98 95 44 24 56 61 6 94 21 15 28 33 38 34 25 81 88 75 1 12 36 73 46 4 79 18 70 64 52 69 47 48 87 77 37 31 83 62 29 68 74 96 58 13 32 27 54 76 19 42 63 26 3 0 17 78 43 90 84 82 71 5 41 66 86 51 35 97 10 40 20 22 14 7 89 39 80 65 50 30 72 67 23 60 45 8 59 55 16 85 53 92 99 11 9 2 57
TEST 178 ARG:79 72 20 21 13 18 63 68 85 12 76 36 57 90 96 47 99 15 4 14 24 39 38 10 64 65 16 11 31 43 92 70 2 45 97 93 78 51 23 46 50 37 34 59 29 26 89 91 27 55 5 80 58 19 41 95 1 61 75 73 54 33 56 83 81 40 84 49 25 8 66 71 87 32 53 60 98 30 77 74 6 67 48 52 28 3 9 35 82 69 7 86 44 42 88 0 17 94 22 62
TEST 179 ARG:0 26 3 25 42 48 67 8 95 15 35 76 90 93 84 22 36 17 37 89 94 20 43 10 68 31 71 52 79 97 74 99 77 11 81 63 61 50 64 59 12 46 24 32 40 33 49 69 27 34 45 6 51 21 54 60 1 78 30 53 62 80 23 2 47 92 73 98 72 7 29 57 88 44 5 38 65 55 4 96 41 19 28 18 91 39 58 56 86 14 9 83 16 13 82 85 66 75 70 87
TEST 182 ARG:91 12 89 32 0 70 24 60 94 43 22 64 5 72 81 6 28 34 86 62 7 14 66 9 52 18 15 78 3 95 71 76 53 88 85 63 17 16 92 8 39 90 87 37 4 38 45 11 73 51 41 74 65 1 84 48 27 40 79 69 21 80 13 23 61 46 19 33 56 99 97 25 57 98 82 2 54 42 83 55 77 29 44 68 96 26 31 50 30 93 58 47 49 36 20 10 35 67 59 75
TEST 183 ARG:50 89 79 28 85 36 63 95 21 3 58 30 94 19 25 38 14 52 98 87 69 41 86 83 54 31 91 60 77 82 45 11 6 51 71 33 49 20 7 53 34 68 23 8 0 17 67 70 74 18 93 48 15 5 76 35 2 73 42 61 47 88 40 78 97 59 65 46 55 64 57 32 96 81 43 75 80 84 66 90 62 4 10 39 9 37 12 99 44 13 92 56 24 72 16 29 1 27 22 26
TEST 185 ARG:66 0 18 11 45 36 78 81 46 16 58 79 51 10 67 72 19 31 77 86 41 57 5 73 9 26 6 42 13 34 62 97 83 8 24 47 39 76 91 33 27 89 88 87 60 23 59 99 80 95 50 56 35 52 1 68 55 48 74 20 92 70 69 93 75 94 54 21 84 61 90 15 22 96 44 63 85 43 3 49 37 28 25 12 32 2 30 71 4 82 40 14 53 98 7 38 29 17 65 64
TEST 186 ARG:66 80 54 72 89 32 17 40 49 76 22 1 86 12 56 78 60 25 23 97 99 68 85 61 10 42 71 77 2 70 6 46 18 35 20 64 98 74 29 93 91 44 63 0 48 73 58 55 87 33 47 38 34 3 36 84 30 28 88 82 57 5 75 69 26 27 13 65 90 37 16 19 4 79 81 92 21 14 52 11 50 24 94 51 43 9 95 31 96 41 8 67 53 45 15 83 59 39 62 7
TEST 187 ARG:8 68 94 34 39 87 23 52 76 26 83 31 42 6 78 35 77 86 47 74 64 22 15 49 27 58 88 90 30 0 61 84 51 62 37 11 59 69 43 75 57 81 3 25 65 38 14 17 92 41 71 4 20 5 9 29 97 93 2 18 54 63 10 66 16 98 99 19 33 13 96 40 53 50 32 48 24 85 60 70 36 72 45 73 89 95 44 28 12 55 1 91 79 46 82 7 21 67 56 80
TEST 188 ARG:80 45 26 2 96 97 34 46 71 81 78 25 94 27 32 6 28 86 4 92 17 90 8 0 35 79 23 52 61 44 75 76 60 22 51 63 83 15 58 33 87 68 3 24 99 31 67 74 47 30 59 88 36 42 49 16 73 77 5 48 10 21 84 54 50 55 37 98 19 93 40 72 64 85 91 39 14 18 13 7 43 66 53 38 62 11 1 56 82 69 9 65 20 70 57 29 95 41 89 12
TEST 189 ARG:34 83 27 43 5 19 51 3 15 90 68 47 49 80 0 8 28 33 46 22 78 88 31 1 66 21 73 69 16 61 57 44 35 84 95 2 52 7 92 87 38 9 67 58 42 36 37 62 23 65 10 53 79 72 18 12 76 45 40 54 59 74 85 81 55 6 93 14 4 11 98 50 91 63 86 32 64 89 20 97 60 71 26 24 30 77 82 25 94 41 56 75 48 13 29 39 99 17 96 70
TEST 190 ARG:70 63 9 14 16 57 32 75 77 50 59 43 60 52 85 34 28 98 25 21 79 68 87 20 81 88 49 42 18 67 46 2 48 15 92 95 83 54 62 39 93 4 51 65 23 1 72 56 53 7 36 8 89 30 78 11 94 10 44 29 35 12 74 45 31 91 96 41 27 6 58 37 97 99 13 90 61 19 24 55 33 47 38 17 0 80 26 22 69 71 76 73 86 5 40 66 82 3 64 84
TEST 191 ARG:52 71 24 35 16 79 12 47 63 72 26 42 14 37 30 62 91 10 96 18 67 74 22 27 64 6 46 43 82 13 20 68 25 83 88 48 50 86 0 59 29 61 4 54 17 51 38 80 36 89 33 1 15 9 97 8 75 5 95 76 56 39 32 90 45 23 11 55 58 70 44 84 87 40 94 3 19 69 78 2 73 66 99 7 28 21 41 57 77 85 81 49 53 65 60 31 92 98 93 34
TEST 192 ARG:82 83 96 44 99 22 98 50 8 62 33 43 89 75 6 2 79 26 95 24 78 0 15 68 60 53 41 5 91 49 21 65 59 70 9 14 38 17 63 67 31 29 7 47 58 40 77 34 36 32 23 25 55 94 52 48 18 81 11 37 64 46 73 27 97 39 80 88 12 87 45 30 71 72 69 56 42 19 54 1 85 57 93 10 16 84 76 13 4 35 28 3 86 61 20 51 90 74 66 92
TEST 193 ARG:81 62 12 6 64 87 10 46 67 91 42 7 18 80 19 41 76 75 44 93 25 23 74 51 96 61 55 83 48 88 28 33 99 13 78 84 14 8 54 89 35 24 73 90 17 21 69 43 71 37 82 2 26 65 72 63 9 94 97 4 32 92 30 47 3 39 57 49 1 98 68 52 95 31 58 60 15 50 0 20 53 16 59 40 5 70 29 22 36 27 56 38 66 11 34 79 77 85 45 86
TEST 194 ARG:44 65 28 79 91 88 69 27 1 43 5 2 95 96 49 0 39 19 97 31 87 38 90 89 16 34 15 11 35 48 50 63 51 18 74 26 61 94 53 86 66 77 42 6 85 20 83 71 99 22 70 72 52 21 23 92 59 64 45 46 68 84 75 93 12 29 55 80 17 37 60 78 76 8 41 62 57 82 67 9 73 13 10 3 14 81 36 4 40 30 56 7 32 25 47 54 98 58 33 24
TEST 195 ARG:34 11 7 33 25 17 2 77 79 83 65 76 56 64 30 62 97 71 47 52 98 38 20 75 90 89 18 51 61 48 9 5 40 37 59 84 69 19 21 85 35 3 0 22 13 29 91 6 14 94 66 63 36 24 72 73 39 80 1 99 12 93 68 74 50 23 60 54 49 43 92 58 10 15 4 96 8 57 26 78 28 81 27 45 41 32 53 31 86 87 82 70 67 42 88 55 46 16 95 44
TEST 196 ARG:80 3 90 32 46 76 26 54 22 18 20 68 99 34 53 37 64 96 19 13 86 75 31 10 81 71 65 16 0 7 72 63 70 33 28 67 55 56 14 39 52 43 47 95 48 5 23 30 1 21 49 60 51 44 9 82 8 88 36 27 84 62 58 77 74 98 93 38 4 59 17 83 73 35 11 15 92 78 29 61 94 40 85 6 2 69 91 79 45 41 12 42 97 89 50 66 25 57 87 24
TEST 198 ARG:85 3 14 87 39 32 59 58 33 0 98 23 74 80 16 11 24 28 92 18 97 90 5 61 84 49 95 48 71 12 6 94 27 79 40 75 25 78 41 55 17 35 20 22 57 21 42 77 37 91 53 86 31 45 73 81 43 93 63 9 76 51 30 46 44 36 34 1 88 99 7 2 10 82 29 38 4 83 89 13 15 60 50 19 52 66 70 72 64 26 54 96 67 56 68 8 69 47 65 62
TEST 199 ARG:50 70 79 14 23 29 2 9 49 73 18 76 33 93 13 94 85 25 40 96 6 45 59 57 71 95 22 44 46 77 61 58 80 16 24 75 37 56 17 21 41 30 81 90 74 26 88 62 86 8 11 34 3 1 15 60 87 31 48 82 99 91 84 72 35 12 68 43 89 52 53 54 28 10 98 32 69 65 5 51 47 36 0 55 67 27 7 83 42 39 63 20 4 78 97 38 66 19 92 64
TEST 200 ARG:66 81 93 22 52 78 94 46 45 76 61 50 90 43 30 34 51 60 62 79 4 27 14 68 13 98 42 5 10 37 21 97 35 63 95 47 77 82 53 55 19 16 59 91 17 39 25 26 1 2 0 58 67 56 83 18 84 87 6 85 9 92 36 38 74 24 32 75 71 28 96 12 31 86 72 44 64 29 20 70 54 80 3 69 7 48 65 8 15 33 23 99 88 40 73 57 49 11 41 89
Multiple size <= 500
TEST 1 ARG:136 -205 200 -231 -250 -195 -187 -14 -207 68 117 -230 -51 -179 -104 -232 -7 -84 1 98 139 181 226 7 32 -212 233 116 58 216 -15 -4 -45 138 -131 -103 -186 95 52 203 -87 11 -144 22 -198 72 205 -23 -129 -137 -134 12 -50 83 141 -30 43 246 245 -125 -229 94 39 192 41 -191 137 -24 -139 150 -40 198 213 -35 -135 -148 91 -92 171 -64 146 -218 -216 17 -239 -91 -105 -110 -142 -59 -69 -133 -152 -178 228 54 77 145 -241 -9 -118 -138 38 206 -130 -228 -57 -112 -42 -215 47 -224 191 -155 195 124 134 103 -213 109 -192 -159 -158 -113 -48 243 70 247 244 -96 -127 -126 65 -128 153 207 185 193 -242 -143 158 -156 -235 -122 -21 -58 -17 176 74 154 151 -120 -94 18 30 184 -5 -185 -206 196 -201 -196 -39 160 -108 -175 183 -11 -61 187 208 120 93 182 -88 238 212 -79 135 89 242 -238 -66 -72 42 177 -111 -225 -184 -221 86 -93 148 -60 129 29 56 -154 -147 -99 -10 -22 167 209 15 40 -168 -100 -236 -78 78 -56 -243 -233 -210 147 -237 -29 235 28 115 -170 155 -16 99 45 21 -81 118 -65 168 19 13 -82 -197 107 51 -12 -75 -117 -47 -38 220 73 -203 60 140 -208 202 180 -115 221 -101 215 190 -220 -77 -226 -53 -26 35 -176 -86 -188 -246 27 -193 219 -249 175 46 -6 59 -244 132 -163 201 -245 37 -32 -97 217 76 -36 49 96 -76 -28 104 -124 -190 224 237 -165 -174 85 186 162 64 161 -234 225 101 240 -80 157 149 133 -90 174 -20 -37 -182 -166 -240 75 -74 -95 -177 -68 24 165 100 -3 112 210 -199 169 -248 123 128 234 -70 67 164 159 199 -164 -34 -214 -200 -160 -107 114 -172 143 214 53 48 80 -132 6 -194 163 127 -106 204 -211 188 102 -8 -140 -44 -43 -247 -171 211 122 248 142 -204 232 2 -41 -67 -102 -121 -136 61 -109 0 -83 106 -183 -146 -123 90 -202 31 -19 -13 -150 227 -181 79 63 -222 113 -85 111 23 105 92 14 -18 -98 231 8 33 144 179 170 69 -149 -217 50 125 218 223 110 84 166 5 -189 -151 16 -63 249 -167 -227 119 4 -49 9 172 108 126 -73 178 10 97 222 197 -219 230 -173 -1 -27 -62 156 -89 -114 131 -161 34 -54 82 -141 55 -119 26 -223 -52 -116 71 25 20 173 241 -153 -145 130 -180 194 229 236 81 88 -157 87 -2 44 -169 239 -46 121 -162 -31 -209 -25 -55 57 152 66 -71 3 -33 36 189 62
